486
8112590416706005
4028
970847272588
6419
338502651600
4965963463897935
5755
3625
8754
42338983
5609
33452756
73343829307
9361
68640671
330694509874
9585680432593420
1758
139788078420605
7725237079593122
6000652182064653
340
707425181331
3709635025887016
603008804214
15710818
4057
242005178842
889424165816
6872
798962544315531
4549
841068519705998
17297570
3985
6138400
7860
441173373877
2536
29
5139250507571583
58021073
801
676913509318
8495
5796164016732194
51858594
56336200
852176420355
1165195816047234
109164689248
66332664
2968
1915455972526048
189908899005
56276721
4462
6442484205963305
3445101010649889
1023348932345690
418248764642
7162
127914829374
8494325666976069
8094
24690485
1310
2283
7837948538356273
7086765852633896
1034
83869681910
875950874662
6833
13018311
233600182465
2111
5351
581885902342
9146601814143947
7795
126011576621
6700197137234624
38694984939
6898
2969627026
5212
331208167119
2851527623160187
1040600
42220655
9063318493024114
1145
30463928
8503
3311
6301
3395151211537353
48315419
768089666085
42698653
77020930
2435013987319753
9086
9131539703268632
5833
7283508382560335
453577138865168
465197702366
8927
382632243249
63825943
921295396886
6103351387994866
940104092751123
9357
408933810685
279471432475
91498496
3714260
3725
3733399411919432
58273142
12282488
3225
299
458236532264
656260225665
144665482131
5977464768713073
5428
85015117
73676621
27123726
6530
22748182
466454373232
3740595
6705
667973292429
430
43511232
399703528241669
911727825670
748600347709
35381679
4463133973090199
2085899922210475
3795954938935124
577208081597
3415
142105591322
45640007
31465830
63065379
437628032717
1206
274571236411
7301437103232865
15380816
954109793775
3337810700182511
8076441500994818
96602339
5560
8722
881811980911
89192119
29340860
9357644761979863
489614085008
2475
11170376
629145640024
32402426
77236580
206596243844
6566
71168368
14792760415
577640834917
87344831925
1300
10300992
2977461715640605
143866061199
45297042
8159826
80383442
559239561476
4758523963891579
43894463
7667468612798918
5730
3399745475316886
9161
1560
955
173
7060699180239675
2145096806597698
750074462532
459492378143
31581628
678802783631
3846752977
753
4671778631045572
2464124
94429271
174
921444891480
1842216319055432
1415
21191904
1815566259669589
7709748
33802849
79886588
41664101
6865
18078744
116190647970
7823427633012741
7973758045515593
5296259058298096
1818
651235670191
5094988857742849
1451364219070488
3120812
435217091348
5671
530162741773287
3477
21542747
678273517982
26438086
61275686
80157874
8256549141783855
7100164827403832
95653918
8442661915854219
231709202924
929936860623
66038561
95461013735
45411710
91135976
73050640
1319
35166825
5164
79477136
45976181
9399
531946773753
86349621
3618
2312063401579640
5295371484122479
2309965244288719
450733802575
68129332
30027776
7649
5416
842947061683610
30178875227
5086
291545881277
10160426
4086858162710550
2384
284841221880433
7645319638020631
196404033168
5145
3478
5688
3755
6436
4303511606982165
3396
745999010734
885398268115
4631182959242467
208100212607
2007191225954668
224294501997
2716919072905275
3260
52442166
960077083291
948655649365
6314
512451565677
6078
5972999891421172
464337537799
1392002817116750
91069562
17117170
3617319393375062
5965
82240865
5902
13165075
782952607622
6227
52224318
7603997346428806
9960
933252263843
933051339446
2367
784808889151
9055
7784938
101156827755
109452093211
6376012239529196
92187154
1098
6181
2499
36745695
1760876699150847
643953486204
46230455
1606
9654305865376195
2751160268824507
892155537418
5064490146318019
63012557
655114908830
6464637
90534067
12640725
5388526476
6527657150491601
475751114788
379777838904
4352
4914
525150160560
465145261071
5859101832449443
112189655618
7683
156925940991
79856482402
10771289
638185853360137
84447744
3440
616856351586
917604407614
389331068263
5214633423089673
2761330343484594
6761050
14555995
7876
157973791000
8358236434206320
45255538
7555187582899549
914110255350
6703
62031562
98072343
64251110
65523873
9288
536228181836638
9152911468718792
549467552057
94909207
3235
492331577500692
6610
6817177890006647
10722443
1893863175387598
8473
312382393646
281117929300
123534414683637
8305
22139744
856081170565
602643539435
1172177659664990
93179175
995393531732780
3007
761946971162
151063474245
8716
844852134690
7867292
6407748
1828
32610413
2245457339040270
1548
702442447249893
11340285
28508233
428
93817444438
2275764
18060059
545740861506
9568
10903673
5486
165574373536
1704
6885379776091041
509021094903
1012631800099711
703015466926
27830813
8818
6911822870320066
248
98159461
79522394
16280702
13296525
8996
1479
333683861327
8175
622302681883
5486
1020153710985269
2580390276114756
3201224875168830
502035684823
5873
70701119
291392043892
2430
749233638534
9337883697390672
6488
4895
4627358794492657
72122285
75798674
93500877
5900
124
186209232787
66323821
315438343192
7316220492652560
938246709869
807484802932
8375
5125371855885279
8856
167455560933
454793699233
7551
6118
1676
246
45
53121020
11222201
3870
8569
974612938115
39817581500
603247177182
73312888
70645155
52357704
3605
3260873956171468
