4
0 0 0 0 0 1 1 0 1 1 0 1 1 1 0 1 
676 4834 6485 187 1929 1698 5111 871 2260 1565 614 5689 3127 4247 4010 369 
156 290 283 301 495 272 315 73 353 115 251 148 433 405 313 
73 342 395 202 42 492 408 401 97 474 65 398 10 257 
162 316 467 490 339 81 474 318 288 90 149 71 379 
291 455 285 154 25 343 359 300 382 85 17 371 
454 156 109 29 188 121 336 457 300 333 22 
116 494 259 425 494 450 383 449 423 118 
258 343 10 124 324 294 108 47 28 
29 97 425 291 280 335 58 257 
16 280 148 189 487 332 333 
480 259 33 101 312 462 
276 205 428 158 161 
473 453 185 353 
421 417 176 
377 184 
464 

