4
0 1 0 0 0 1 0 1 1 0 0 0 0 0 0 1 
6455 4184 4046 557 4934 850 5054 4930 1814 3906 667 6103 2148 2780 3204 3064 
100 17 99 481 45 262 59 31 398 347 250 431 44 187 455 
491 4 105 497 285 438 436 416 0 402 44 153 315 491 
479 14 277 3 467 370 111 456 394 258 450 413 311 
190 122 357 21 32 115 406 244 497 131 1 329 
376 212 457 436 296 443 51 496 52 117 462 
207 457 409 167 427 287 0 430 59 436 
240 444 339 191 145 185 264 311 486 
18 299 323 66 372 221 236 473 
335 377 372 458 386 96 495 
70 32 484 390 69 252 
338 76 109 450 423 
408 362 386 366 
181 54 172 
345 336 
68 

