4
0 0 1 1 1 0 0 1 1 0 1 0 1 1 1 0 
2981 6777 3871 288 4551 4929 3269 594 1912 2194 5446 6062 4360 4231 280 3881 
0 448 91 143 171 463 50 112 181 26 46 438 157 54 32 
478 427 423 174 497 359 449 54 34 114 172 465 323 119 
221 270 376 51 203 40 406 231 245 305 410 368 184 
123 311 40 174 105 242 322 20 86 93 483 235 
219 359 392 257 241 108 238 170 262 103 276 
59 135 371 344 447 286 362 97 110 21 
280 173 293 265 380 13 280 8 168 
300 267 59 382 240 426 468 419 
38 421 80 136 172 142 424 
116 22 224 168 401 129 
392 498 410 433 420 
371 96 102 372 
349 327 327 
57 321 
327 

