4
0 0 1 0 0 1 1 1 1 1 1 0 1 1 0 0 
1246 5919 4280 2109 6829 431 4573 274 6814 6438 4144 3715 529 3652 5563 1306 
27 424 363 339 267 230 309 145 234 285 404 387 193 463 498 
119 198 227 106 377 141 145 389 43 147 488 297 400 463 
309 266 155 388 394 349 213 62 46 166 167 152 301 
284 392 286 466 320 260 155 300 315 447 57 58 
161 96 59 4 91 36 117 383 97 128 56 
406 369 148 417 131 251 248 266 410 337 
412 161 457 388 22 253 318 296 137 
180 293 376 114 193 242 55 100 
400 217 410 271 168 418 214 
73 46 495 98 17 296 
80 34 301 18 256 
119 496 420 268 
482 136 447 
459 270 
55 

