7
1 0 0 1 0 0 0 0 0 1 0 0 0 0 1 1 0 0 1 0 1 0 0 1 0 0 1 1 1 1 1 1 0 0 1 0 0 0 1 0 0 0 0 0 1 0 0 1 1 0 0 1 0 1 1 0 0 1 1 0 0 0 1 0 1 0 1 1 1 0 0 0 1 1 1 1 0 1 1 0 1 0 1 1 1 1 0 0 0 0 0 0 0 0 0 1 0 1 1 1 0 1 1 0 0 1 1 0 0 1 0 1 0 1 1 1 0 1 0 0 1 0 0 1 0 0 0 0 
62897 24785 27001 6993 30750 35581 16435 38140 27018 47060 12963 54589 9491 27444 42534 50137 58789 13243 47414 48636 58127 56777 4056 60083 5256 20718 14591 15541 62181 12356 36779 43190 38825 47211 58212 52617 12991 21616 27841 7667 18168 18298 49942 7366 40731 14723 57473 53830 10361 58781 39064 29603 26766 43104 51727 38763 14464 6567 11808 3528 10446 49872 26430 40000 60560 21304 56066 59975 22167 42154 16194 21337 36110 53609 7181 54030 32050 53564 42349 47677 12728 22679 16325 40423 1730 10857 48200 15159 9644 252 41361 46928 21659 6112 13644 29026 26067 57513 34874 2227 20174 26122 50138 7644 1443 57546 1599 10025 38768 4696 14617 61612 35851 22306 18635 52887 27454 33520 46936 55928 61290 25058 3478 7993 1498 13985 49432 12921 
91 278 415 170 419 283 372 259 74 149 53 402 402 480 387 159 126 94 68 14 349 270 234 122 371 157 31 383 280 236 145 316 42 16 24 297 389 426 441 84 112 328 401 428 26 232 426 406 426 276 114 213 381 89 268 90 434 299 305 173 474 55 42 29 198 451 484 227 309 295 154 297 196 133 134 9 284 305 95 383 263 309 440 109 211 493 190 99 207 154 419 37 345 463 22 202 206 140 228 25 362 336 192 29 150 172 89 96 353 125 339 482 36 265 230 285 304 32 83 14 137 315 21 134 270 444 239 
108 83 427 49 100 431 298 265 240 359 319 405 296 35 105 62 140 65 286 434 124 78 490 388 110 360 368 74 115 286 329 284 226 419 429 209 495 70 473 222 258 395 329 232 477 61 483 369 115 493 272 233 120 392 325 209 484 25 45 490 59 210 58 267 498 365 451 193 370 135 119 293 207 307 301 191 266 299 310 481 290 284 387 26 379 292 470 378 105 47 130 434 335 386 121 93 63 136 266 498 108 220 446 187 241 125 150 123 424 16 415 427 5 478 91 488 355 318 247 35 413 229 53 46 86 176 
477 275 175 122 171 307 71 121 466 9 335 300 114 446 55 318 468 372 379 194 247 467 304 459 275 354 136 131 73 264 193 481 485 458 258 68 204 444 423 257 282 476 255 418 461 205 468 87 235 480 193 134 270 235 219 76 87 10 494 399 1 172 171 147 192 498 432 362 257 164 377 206 114 163 7 449 313 13 196 424 353 74 176 445 112 260 282 376 443 118 328 361 194 68 352 375 49 190 426 181 374 309 296 215 477 493 315 181 158 153 498 359 160 11 404 210 225 490 475 142 492 147 385 427 363 
414 235 36 25 110 94 339 476 137 19 51 5 129 188 437 160 338 216 381 64 143 427 491 252 21 345 46 196 213 36 317 407 286 339 466 11 212 97 371 421 337 60 165 154 94 484 193 23 252 93 348 14 106 294 476 63 53 346 122 476 285 402 33 295 256 301 417 318 444 232 153 224 416 219 45 279 44 471 338 191 384 345 180 214 164 349 141 330 207 102 88 419 481 6 258 426 495 348 104 46 226 383 313 498 344 466 82 217 27 407 411 369 286 235 416 73 83 445 303 286 318 156 104 135 
211 358 172 31 293 37 336 373 246 387 462 490 125 105 248 339 259 98 244 431 300 87 9 327 479 186 370 472 89 440 279 106 345 353 83 181 56 399 1 313 123 44 258 31 210 239 204 97 342 323 140 202 12 471 199 48 449 201 217 422 425 285 232 49 297 6 27 288 409 80 441 455 58 15 101 152 338 17 87 34 0 22 142 96 297 373 478 411 188 175 342 299 208 303 455 189 104 279 382 86 12 315 402 383 187 214 248 11 476 91 74 346 279 39 242 256 191 197 283 432 169 187 263 
333 483 216 354 231 394 19 70 277 196 279 55 264 381 334 211 185 320 463 399 102 353 171 323 488 121 273 296 278 249 443 127 289 474 25 417 67 211 288 480 396 215 16 164 65 330 215 15 130 141 493 104 85 367 118 68 164 227 130 25 6 353 188 455 302 449 291 308 194 36 98 273 285 377 121 68 386 497 192 489 289 186 210 50 408 28 273 214 352 298 265 380 363 464 361 339 8 484 347 233 366 155 31 427 154 481 463 16 325 251 311 210 65 452 331 451 267 434 392 155 137 304 
383 40 267 232 485 12 200 412 52 402 124 471 199 88 191 205 149 495 476 133 19 425 476 472 399 165 35 482 144 372 105 397 298 221 361 247 51 234 33 185 286 341 478 247 196 203 229 311 207 326 415 327 289 273 478 336 218 83 242 162 359 37 114 94 82 119 138 382 68 231 6 127 167 441 444 463 427 459 432 238 325 263 374 490 161 471 451 260 426 227 487 201 49 211 299 105 445 280 2 152 365 201 196 143 44 70 196 290 356 322 336 10 119 379 421 480 221 372 192 55 451 
319 214 14 460 95 24 332 464 94 319 101 0 318 72 327 6 12 139 109 80 127 128 184 341 56 445 19 204 127 312 193 110 479 91 162 161 91 10 72 331 423 371 369 250 455 482 149 486 201 29 147 47 468 425 172 280 14 458 59 70 91 254 184 487 450 431 12 368 345 464 299 136 435 30 448 469 326 244 194 486 295 55 432 87 202 281 373 28 355 473 127 481 385 191 46 498 261 362 438 284 94 236 339 69 243 144 228 304 40 134 170 387 380 358 178 70 114 183 282 262 
188 371 199 106 91 215 331 142 421 192 386 179 223 191 449 359 259 240 14 160 22 319 29 181 342 53 325 76 37 494 412 426 382 38 403 306 96 155 53 296 463 58 295 10 284 176 61 92 366 38 81 231 96 142 376 150 44 221 217 79 102 475 492 100 105 119 80 12 324 416 354 337 321 125 20 10 462 212 341 315 166 325 73 355 204 111 423 137 40 326 255 277 217 359 327 162 335 305 32 87 172 465 156 267 153 15 204 483 12 230 255 5 49 442 295 431 456 279 453 
254 327 391 147 290 349 14 280 180 481 485 249 309 91 269 289 347 207 359 411 362 106 396 4 293 169 426 188 146 98 280 443 205 168 245 85 48 211 493 465 120 495 398 31 311 305 111 493 6 69 1 280 483 289 432 499 102 2 209 421 344 36 176 440 114 155 33 5 203 169 4 348 164 421 3 325 183 151 157 40 15 103 492 197 351 78 304 198 95 205 368 408 422 55 195 409 493 337 450 300 260 89 44 330 312 291 368 348 284 384 308 120 376 149 438 50 305 436 
229 406 70 39 82 39 142 168 402 237 315 85 440 323 212 240 32 364 207 401 491 267 168 122 451 64 484 403 409 65 175 167 167 434 87 30 59 57 60 114 488 187 90 397 420 390 222 31 179 192 98 343 337 434 387 19 296 274 312 32 330 467 172 282 44 376 468 270 7 336 494 332 4 316 6 336 257 386 221 236 136 205 106 371 303 27 382 339 448 309 214 243 391 148 194 27 86 267 251 246 477 141 121 415 283 27 324 449 148 185 130 290 56 35 291 480 458 
160 248 271 190 428 112 257 227 385 256 303 498 454 478 16 341 82 390 324 117 164 365 284 55 439 178 172 451 362 217 357 146 447 114 436 492 347 438 117 438 316 75 163 72 402 288 186 186 445 431 454 410 366 252 61 441 156 451 177 81 189 17 18 235 145 414 313 471 116 59 342 180 337 103 163 352 138 274 329 125 387 490 109 191 251 157 63 17 289 297 380 100 415 393 44 136 366 279 446 179 127 102 465 259 102 455 437 404 165 220 309 212 224 164 104 297 
323 390 473 462 412 124 53 314 49 225 239 26 59 470 261 317 163 61 254 378 106 201 447 230 57 160 199 24 445 269 311 38 182 170 353 190 182 340 54 209 294 152 387 84 154 435 109 197 186 259 310 472 31 364 229 201 143 34 285 37 225 341 39 20 375 430 487 288 247 419 224 183 440 223 416 367 296 0 334 166 116 147 407 155 8 460 87 229 207 231 185 178 20 469 178 460 182 131 380 132 467 330 290 138 330 386 294 276 190 136 313 237 285 466 175 
307 260 192 134 63 225 343 221 71 357 88 370 343 248 319 179 57 423 180 20 374 90 478 235 193 82 282 354 386 320 264 222 306 334 93 227 127 338 205 109 67 201 129 236 310 433 262 454 134 201 48 105 444 346 104 413 460 497 239 253 236 242 374 239 209 409 499 111 358 281 292 306 379 411 281 198 489 261 115 243 310 4 191 140 319 364 192 318 234 450 176 53 186 226 365 233 320 262 44 76 467 357 124 424 234 260 290 94 384 159 317 428 241 268 
133 36 54 188 250 333 269 225 326 253 374 5 6 17 240 179 17 222 59 491 481 139 180 226 327 328 201 398 269 33 238 265 256 38 476 88 11 408 388 462 180 417 71 276 380 258 465 390 107 480 9 100 128 209 374 237 405 440 412 134 290 377 73 436 8 365 321 435 100 266 208 404 321 307 272 448 223 87 213 77 250 123 262 496 41 415 54 415 114 345 337 430 311 278 300 332 411 228 460 98 432 190 394 92 179 382 317 255 44 239 420 419 264 
293 96 91 389 433 321 77 479 106 318 105 114 331 326 234 200 365 416 432 176 357 175 298 175 173 276 162 356 148 236 123 48 360 68 471 481 152 327 371 224 369 139 357 103 446 377 136 313 383 472 286 320 209 404 68 492 271 279 28 390 324 490 40 472 467 241 156 375 32 246 74 67 257 138 405 234 278 99 8 281 499 237 373 442 476 335 99 319 270 115 45 216 427 302 350 123 120 399 316 294 429 137 45 239 404 145 239 50 195 415 59 168 
437 432 254 302 397 253 197 4 108 234 450 395 162 374 69 81 329 461 490 269 176 5 399 253 188 223 300 399 445 143 242 13 71 39 224 88 60 180 51 228 450 334 145 235 344 178 123 58 442 132 400 254 210 403 469 172 193 347 259 371 150 397 120 231 274 32 362 68 373 142 300 300 364 364 259 466 369 71 479 499 140 317 67 320 421 162 332 355 271 135 60 433 24 205 261 324 362 77 299 437 205 472 10 395 404 178 302 75 344 397 297 
243 27 312 462 474 173 147 349 203 489 478 98 10 489 313 467 208 207 477 196 297 176 50 105 318 268 99 336 423 12 113 454 434 30 362 355 159 367 453 393 301 412 292 375 493 297 388 113 221 439 126 361 129 451 370 26 295 215 457 295 252 372 466 212 240 148 376 315 384 302 68 117 219 459 499 403 133 277 305 176 383 159 43 208 485 124 72 60 157 313 202 227 54 284 340 455 425 431 116 423 266 396 435 224 299 489 454 417 112 223 
290 265 154 146 316 314 427 196 436 116 359 150 165 350 129 324 202 26 215 183 243 188 87 74 90 51 95 278 271 365 161 232 421 50 13 382 382 288 167 328 464 165 169 487 28 380 282 49 192 313 179 21 196 43 395 310 312 85 330 207 115 123 432 353 72 403 251 375 486 414 14 274 477 195 138 80 102 455 101 499 497 93 60 289 150 170 469 394 424 202 190 273 365 415 468 93 298 320 246 334 195 162 384 244 464 282 123 122 308 
415 122 311 42 74 483 54 378 419 47 309 335 61 233 324 72 330 328 496 437 151 43 66 86 255 326 300 117 238 10 375 32 91 433 228 197 388 435 335 442 400 401 452 287 88 36 322 461 145 194 325 394 23 231 76 292 75 209 112 209 216 239 219 264 130 123 171 199 265 38 103 238 452 485 220 297 349 62 162 318 2 398 21 163 409 382 167 257 248 459 264 389 357 108 106 405 324 290 1 93 448 201 151 287 366 344 51 335 
80 467 342 209 438 208 277 1 92 179 107 122 377 20 475 145 444 203 198 256 35 132 282 79 434 290 333 414 117 403 248 98 168 73 423 381 323 63 405 396 252 130 471 364 313 418 316 444 431 309 488 147 144 66 454 156 391 292 340 326 463 390 366 277 57 158 492 170 15 241 423 93 212 250 479 422 456 165 31 415 422 375 270 118 334 426 213 174 314 31 252 126 112 275 449 157 416 412 433 318 227 387 265 280 481 267 3 
5 422 30 468 20 80 203 354 474 205 277 213 403 78 235 347 79 472 266 205 74 320 67 102 78 239 280 297 320 66 384 94 184 477 150 355 438 429 31 64 85 49 144 437 209 9 400 28 73 213 435 276 307 230 461 217 108 45 467 466 251 323 332 315 475 337 321 164 37 258 384 475 287 257 454 334 371 39 39 104 271 120 181 86 346 66 181 294 257 120 70 453 416 230 371 407 72 172 239 453 134 324 216 231 295 128 
129 335 131 268 59 451 248 45 52 131 476 159 443 197 343 358 8 187 111 15 53 430 250 188 49 242 156 183 442 347 243 338 278 457 184 261 324 261 458 3 147 205 336 420 332 356 484 428 195 169 317 263 461 320 102 289 356 225 83 74 243 88 2 118 478 248 143 220 324 200 385 222 475 243 342 234 436 149 411 475 476 445 112 386 375 28 36 425 62 494 276 483 262 66 367 72 381 205 65 63 278 186 96 27 100 
448 312 175 86 280 115 177 474 151 189 426 24 286 148 452 307 102 401 221 241 491 449 321 475 290 298 79 19 466 300 101 382 371 429 97 463 289 314 392 329 173 158 25 27 203 79 242 297 491 431 154 321 430 87 146 281 146 116 163 303 424 281 418 487 89 278 162 201 499 172 134 18 188 219 44 464 442 482 114 248 472 138 224 204 140 258 41 370 358 302 222 311 169 73 309 166 464 51 454 371 295 464 321 417 
249 438 150 119 180 404 411 371 222 75 212 369 192 235 336 362 169 483 124 482 382 77 382 69 305 311 220 160 86 363 133 46 142 194 175 316 43 279 206 136 399 33 331 96 490 72 151 149 368 321 287 452 375 274 282 20 479 252 393 375 243 445 419 476 264 475 348 295 226 381 80 215 431 238 273 336 296 459 19 352 342 346 119 449 410 338 304 94 291 238 0 152 357 372 105 117 323 200 217 290 286 258 323 
20 20 74 154 100 119 32 251 203 237 261 335 346 451 57 363 112 376 230 462 164 418 39 1 345 269 348 71 385 310 230 156 292 246 253 192 342 479 383 405 92 58 256 402 28 13 385 446 377 433 277 255 407 48 215 265 409 216 330 474 460 226 96 61 396 405 118 300 317 438 443 446 265 402 427 405 371 374 85 320 145 384 217 420 90 150 288 54 388 73 228 337 422 286 340 299 300 408 226 237 478 83 
77 398 238 476 268 158 259 200 329 88 153 382 425 160 194 262 388 352 191 284 422 450 315 104 132 339 55 127 141 206 142 142 194 229 385 447 419 450 127 74 458 260 42 48 27 382 458 296 258 395 261 257 161 314 111 362 7 302 454 115 496 313 214 78 193 479 479 417 101 411 182 203 180 146 371 265 372 378 429 91 376 468 494 447 478 436 301 273 265 372 165 418 430 401 34 362 116 171 67 494 169 
186 314 374 126 218 391 208 494 303 424 259 109 421 370 207 130 11 429 457 171 362 154 160 416 460 351 222 242 307 426 169 313 33 461 126 46 305 45 470 344 82 497 440 326 494 360 15 206 426 297 322 222 234 416 79 437 356 450 285 435 330 133 22 114 23 335 370 47 349 219 25 149 438 410 272 282 124 310 91 337 368 274 439 238 440 269 238 350 248 261 460 309 424 422 332 352 317 477 377 267 
40 331 141 49 442 11 200 495 439 377 283 299 308 281 105 8 475 33 228 118 445 486 237 187 450 389 408 21 446 26 426 161 14 23 322 87 356 382 330 31 175 162 218 84 154 159 478 272 383 12 21 211 262 192 72 247 224 84 51 236 311 170 18 335 134 421 128 59 258 271 422 3 71 105 30 179 267 233 418 398 149 343 138 350 119 449 368 182 56 431 71 139 413 466 148 431 212 134 382 
361 178 250 14 238 276 203 263 203 10 251 442 126 400 206 53 36 264 44 66 126 146 311 101 418 340 117 81 358 204 180 266 160 120 276 90 150 6 212 1 423 59 490 439 81 20 135 391 11 481 444 15 162 217 329 182 290 370 5 78 378 408 236 159 478 199 102 466 54 207 376 338 286 277 399 266 33 452 42 200 177 336 454 227 207 327 320 38 169 282 384 294 431 485 255 173 277 475 
457 157 194 198 119 180 366 499 389 175 87 343 197 30 407 264 337 360 210 217 39 382 255 45 32 388 485 425 83 174 373 169 396 333 419 9 68 57 9 33 8 79 484 80 234 43 93 325 264 54 351 385 277 272 6 334 333 489 117 389 252 478 4 214 256 36 235 338 404 422 233 353 452 379 254 330 111 287 400 31 101 248 216 192 129 67 371 495 210 28 41 377 116 381 221 242 97 
19 229 62 112 397 113 161 490 9 391 140 331 327 403 115 9 145 222 36 316 422 120 69 111 203 293 443 457 417 288 20 172 258 463 143 372 454 194 124 430 263 213 7 265 156 61 83 271 37 454 112 323 303 167 24 215 440 263 162 42 492 302 64 261 114 114 403 59 122 50 74 19 448 342 184 286 436 326 321 72 70 233 39 148 186 17 86 190 145 459 25 241 310 216 191 209 
154 476 65 174 179 225 417 172 99 351 333 393 119 499 202 15 334 275 38 69 52 98 130 376 479 394 213 481 177 346 274 210 468 93 104 119 105 254 179 46 68 273 166 365 150 436 263 22 428 398 283 404 473 159 346 420 265 276 447 363 446 488 98 75 426 384 480 46 55 220 184 207 194 281 475 123 307 180 270 80 231 365 352 410 140 45 197 134 32 286 319 85 381 447 23 
488 139 96 210 248 382 170 199 379 493 177 275 368 442 249 73 278 5 472 224 43 416 493 238 444 384 116 458 49 107 273 95 144 136 408 164 388 308 137 145 192 449 269 472 315 248 218 351 303 443 186 265 499 374 156 229 449 226 50 225 132 110 338 134 325 49 100 498 367 422 40 304 48 387 486 151 231 47 273 170 249 201 372 127 13 462 268 463 285 29 140 142 482 255 
281 27 184 328 272 405 161 241 438 261 265 150 426 389 75 343 206 380 469 361 194 446 327 386 340 217 434 146 251 162 320 325 82 66 32 155 106 258 100 409 163 385 269 196 14 323 48 26 11 172 171 410 158 342 458 449 85 430 488 496 466 72 171 345 279 225 164 353 471 456 382 132 13 261 450 397 393 54 166 344 465 291 128 331 335 316 401 355 239 65 473 233 148 
445 209 317 240 443 433 441 276 311 184 335 199 203 220 302 354 4 274 480 96 130 351 52 439 187 210 443 446 341 388 477 218 356 183 27 465 114 199 484 422 32 219 42 37 30 378 432 390 266 254 472 316 456 283 173 155 467 459 357 269 287 371 218 107 317 312 37 329 32 250 197 343 115 401 316 387 359 305 177 31 468 82 470 477 72 251 264 442 354 131 142 218 
411 139 440 449 382 33 227 137 498 464 58 150 300 11 441 493 243 410 290 363 80 381 82 358 167 52 402 142 115 210 304 357 217 163 279 166 38 72 239 345 80 196 491 428 192 381 307 439 236 378 296 285 209 431 23 88 102 47 483 276 147 165 198 256 469 143 249 176 480 29 412 254 115 72 267 125 382 313 441 270 449 481 85 65 84 116 12 238 72 406 465 
452 220 299 80 446 177 160 247 16 70 266 311 189 128 131 332 112 428 423 489 455 49 496 134 228 332 129 145 95 293 498 329 209 61 393 61 443 226 161 449 114 258 467 470 115 164 328 307 435 102 184 74 477 190 185 313 32 257 205 131 294 136 398 158 80 313 266 35 71 176 22 98 216 222 393 310 497 397 150 23 9 280 263 92 239 171 474 273 54 493 
221 311 422 455 392 350 244 369 349 388 435 265 124 99 450 421 456 9 340 458 477 467 473 413 252 267 31 261 479 352 365 498 211 449 471 15 449 213 66 187 180 173 433 98 251 152 121 270 262 465 418 11 160 280 371 36 213 214 485 312 318 485 257 196 187 220 102 130 247 378 148 101 286 100 426 50 338 105 225 20 170 195 138 321 257 39 57 382 415 
284 24 327 203 319 152 227 348 319 433 482 349 461 336 50 457 60 340 423 254 244 249 312 88 124 396 283 462 483 79 128 346 81 418 200 99 51 360 402 242 196 388 13 233 349 408 480 157 13 159 121 212 319 294 283 129 336 246 327 309 247 209 281 150 333 4 303 345 293 162 33 351 400 491 246 148 103 386 103 377 183 455 155 344 192 336 80 19 
293 421 163 139 408 139 136 7 123 452 14 451 450 393 301 405 474 57 193 339 102 223 388 405 158 56 439 38 277 43 23 309 477 93 349 119 184 73 394 423 457 315 473 417 27 31 94 249 184 325 409 100 405 344 289 50 334 298 363 457 181 222 230 448 265 63 189 143 250 399 289 85 436 472 64 5 289 351 351 264 392 428 335 469 309 257 498 
11 366 24 300 239 468 52 293 420 380 468 12 192 447 145 442 24 386 272 324 242 45 87 20 58 223 107 399 352 463 299 236 76 246 33 325 113 345 59 390 198 421 401 295 388 35 441 351 213 175 466 335 366 468 91 478 194 283 447 292 159 45 381 303 485 124 225 417 29 439 335 299 52 91 373 203 1 132 201 131 266 70 215 254 417 441 
339 429 4 114 18 496 432 366 173 175 464 405 40 71 475 13 465 213 226 188 433 348 298 157 471 345 441 297 310 461 386 408 25 140 99 192 439 184 415 169 276 113 42 122 229 412 45 153 153 104 111 455 327 59 132 96 425 58 175 227 298 374 294 138 370 240 230 98 422 364 381 330 0 244 406 112 466 214 183 140 233 386 43 404 314 
65 224 180 345 178 210 437 342 130 487 114 334 262 56 349 62 322 98 88 454 293 44 250 235 160 291 73 182 491 309 301 122 412 20 326 58 183 191 300 269 169 195 434 476 482 398 354 381 171 187 123 409 476 435 340 366 46 271 478 134 491 459 493 33 106 290 427 44 96 80 324 298 468 261 159 348 359 178 415 383 346 36 312 142 
17 269 64 186 89 407 230 187 299 340 396 145 296 85 308 498 430 478 114 318 211 71 215 13 333 374 469 200 186 161 267 456 292 412 354 16 495 102 173 299 356 449 427 382 115 252 89 37 46 467 234 146 35 231 61 475 196 329 280 203 37 327 52 256 189 92 440 309 173 5 295 279 154 153 99 342 415 247 315 148 463 235 288 
423 165 113 53 13 25 19 215 169 349 443 145 305 261 261 331 41 213 302 474 230 417 289 416 44 229 338 233 322 56 294 344 109 160 29 358 367 499 406 15 447 52 351 21 436 36 453 222 347 201 119 122 97 324 407 111 100 132 306 105 59 335 477 357 405 211 273 450 19 260 422 32 422 264 258 91 263 70 270 382 231 433 
11 174 278 251 122 280 375 37 353 316 333 417 156 61 484 276 220 331 350 24 467 145 301 457 173 364 167 374 370 228 201 366 441 452 135 172 371 99 58 347 182 425 483 129 451 388 230 59 122 87 316 68 485 319 390 149 330 34 388 137 356 410 289 3 452 498 464 150 167 162 29 444 482 366 127 50 118 245 145 124 337 
338 213 302 479 365 162 93 316 61 215 327 473 178 421 222 455 156 105 27 230 484 219 19 107 476 297 110 129 116 273 425 422 129 489 77 382 429 105 142 128 101 124 306 425 386 363 397 347 220 486 75 356 167 25 444 226 265 247 318 481 72 187 153 27 262 472 443 339 241 493 358 416 282 397 52 22 246 57 216 453 
230 342 254 20 135 89 356 294 457 279 221 458 52 76 315 291 478 295 409 270 307 430 217 171 219 44 307 101 140 268 246 460 478 208 68 431 326 43 37 9 377 35 222 353 373 78 289 11 418 50 182 152 80 388 485 83 146 281 179 445 493 350 101 86 369 149 485 320 474 363 477 160 201 4 383 147 206 402 465 
307 136 106 214 270 350 458 8 246 437 122 282 75 197 293 10 242 483 199 121 320 152 89 190 497 151 456 337 310 188 26 207 92 40 212 488 50 358 213 497 78 347 285 441 147 59 332 387 88 488 104 175 112 439 364 193 92 191 418 249 438 317 447 241 415 138 26 109 498 159 292 91 419 190 46 96 349 366 
63 318 439 113 255 66 461 64 452 190 85 241 32 226 468 168 335 414 230 122 237 18 471 45 436 43 188 256 461 452 232 406 166 473 9 255 416 388 400 384 270 254 282 425 469 2 450 5 488 467 339 147 200 363 41 313 216 405 408 253 288 170 326 415 428 487 302 184 379 207 47 459 216 238 339 188 233 
3 129 272 94 321 185 368 233 481 19 238 306 49 410 190 106 162 289 366 420 281 83 349 55 164 28 388 374 108 113 21 126 408 100 3 107 427 307 2 456 124 421 443 111 254 334 338 73 95 67 356 118 352 262 161 194 236 104 264 473 220 170 443 55 448 400 91 102 66 233 361 359 349 53 385 425 
418 439 451 113 60 33 441 304 341 471 354 277 408 447 209 146 60 21 471 12 272 203 454 279 388 192 462 286 478 22 0 374 51 480 283 402 59 423 146 234 19 292 210 282 491 66 396 62 333 412 54 78 285 161 438 292 193 93 316 426 213 113 298 133 436 339 86 443 349 277 153 459 44 147 485 
422 333 122 157 442 200 323 38 31 189 416 95 442 444 376 338 486 125 402 292 393 419 274 243 230 320 398 486 109 200 251 378 423 327 182 73 44 491 356 44 431 220 155 290 472 493 418 306 409 328 349 235 97 393 467 383 87 154 98 189 135 403 70 255 150 45 57 26 22 354 252 287 466 385 
77 183 174 111 440 128 203 210 93 146 155 330 38 247 61 249 157 213 128 276 361 371 162 135 79 488 261 45 370 301 365 392 348 256 217 230 192 168 224 451 389 16 480 455 254 479 34 294 368 378 307 385 397 467 83 128 225 167 497 74 377 372 413 233 209 408 457 273 141 473 2 56 201 
8 260 23 242 238 396 481 499 327 297 419 192 267 269 482 161 432 247 59 268 39 486 19 57 113 295 154 64 101 472 47 8 258 411 166 473 82 250 108 28 409 419 165 200 408 470 340 420 279 44 309 192 176 284 26 461 407 66 9 142 336 313 149 54 112 203 101 56 359 91 115 287 
442 275 344 21 219 255 481 12 182 495 53 134 237 151 227 327 210 343 322 39 337 479 479 59 37 87 46 7 499 133 401 105 17 286 127 76 406 127 192 327 47 167 132 467 11 148 72 491 181 177 328 352 29 76 222 489 28 313 250 377 353 170 77 118 425 356 285 323 499 241 150 
399 452 363 428 249 288 74 75 131 351 233 52 154 417 228 340 41 69 172 237 245 467 271 93 55 54 22 498 350 391 310 420 128 465 23 83 167 212 173 314 474 320 337 162 172 160 436 243 27 206 197 232 53 421 271 117 148 453 452 41 30 28 463 49 387 499 332 220 313 146 
427 496 192 454 282 352 236 320 401 220 405 333 296 362 0 240 424 244 52 127 482 358 446 483 197 343 277 217 180 174 46 379 74 272 358 39 318 115 237 224 290 229 391 293 482 339 383 281 278 196 400 169 180 441 150 496 323 300 352 17 288 185 138 213 73 411 356 394 122 
441 418 165 130 273 380 359 57 153 22 170 15 164 328 235 209 237 132 235 249 201 29 392 422 441 108 461 187 76 162 79 189 136 11 308 137 46 363 42 96 325 74 328 420 54 460 3 209 460 36 350 446 335 384 95 115 214 346 168 346 295 294 177 295 170 298 378 187 
319 32 94 438 497 2 223 346 151 470 92 146 202 343 277 108 84 81 310 71 128 124 211 105 476 430 275 33 220 18 328 126 320 306 245 80 139 9 364 236 219 47 195 85 0 472 345 25 229 82 63 209 4 323 318 348 11 469 370 476 326 114 105 272 356 339 281 
382 370 369 260 299 269 347 80 474 41 410 374 92 58 176 163 433 3 214 43 404 150 350 198 340 458 161 348 480 19 105 397 313 40 302 303 431 137 22 77 104 415 137 309 481 164 198 330 318 327 157 440 139 436 128 33 256 276 490 167 493 449 375 127 426 88 
402 95 242 342 280 262 453 91 236 449 222 352 317 288 295 468 461 277 431 382 363 145 247 279 474 324 175 65 111 456 203 133 236 274 387 260 288 449 126 357 56 25 450 137 206 470 499 308 355 0 132 253 338 187 327 424 132 300 125 78 175 198 147 399 186 
267 111 157 458 434 13 484 162 121 181 148 412 305 270 2 127 170 269 284 336 413 478 164 72 474 208 448 268 174 347 77 308 338 202 488 366 285 58 316 112 451 339 236 223 463 377 155 449 280 179 141 240 167 157 186 153 438 399 266 216 386 398 33 412 
261 392 11 163 348 302 228 162 389 339 434 248 298 485 374 477 187 220 230 92 1 371 20 45 437 150 261 46 134 62 13 311 473 230 251 325 237 92 457 184 456 430 139 310 301 170 457 2 94 231 246 295 56 34 305 69 139 312 390 497 88 487 201 
443 101 342 358 323 38 124 246 275 288 130 152 463 297 138 171 300 194 379 198 499 283 220 107 12 95 391 81 207 379 365 462 10 139 438 2 341 43 15 498 295 250 263 406 247 354 167 205 53 149 398 472 378 215 211 191 118 145 85 350 104 221 
433 383 184 256 301 255 64 5 167 310 115 424 340 479 367 187 239 133 196 320 417 116 370 205 312 26 434 470 473 368 378 279 112 203 140 116 331 2 398 422 377 219 135 234 414 271 72 96 493 164 133 107 324 207 254 447 13 262 374 375 208 
32 36 337 274 144 422 248 231 454 362 13 373 3 130 151 4 340 478 118 211 262 226 417 294 70 496 396 417 144 104 98 46 322 141 325 157 407 444 77 358 55 491 295 74 41 262 51 203 176 348 448 452 93 95 182 443 172 351 168 186 
468 34 263 408 339 1 348 390 381 146 163 32 39 289 307 321 155 294 455 137 369 319 200 193 144 376 205 8 162 367 214 202 28 329 215 493 123 461 491 391 206 111 8 192 384 127 393 375 104 396 98 416 291 2 188 477 161 457 40 
300 349 307 206 101 117 493 80 404 331 374 76 36 146 374 362 310 451 468 372 475 326 92 338 19 146 425 126 369 247 262 156 403 96 204 408 481 110 297 261 146 303 168 286 368 134 289 468 251 104 342 359 383 255 164 379 469 38 
265 310 452 189 157 308 427 493 157 357 226 409 453 184 92 10 131 330 223 201 276 3 71 233 52 318 384 283 120 126 125 229 293 360 189 356 153 226 262 159 110 266 69 474 37 167 262 115 122 209 309 483 258 387 21 69 362 
347 235 47 235 77 31 152 375 348 175 54 355 28 438 182 290 274 8 23 352 76 64 406 451 175 4 258 387 104 110 239 333 300 218 230 61 50 328 337 369 460 389 222 212 151 455 178 12 356 306 415 228 270 21 296 0 
240 23 326 371 426 255 223 264 108 319 352 482 344 418 446 110 297 235 176 302 245 66 255 336 212 326 421 415 440 447 83 354 121 221 167 465 389 432 491 403 96 465 185 391 494 390 145 427 138 22 302 494 308 437 313 
457 459 1 354 218 88 47 234 4 143 281 360 386 183 420 26 93 246 406 312 318 206 121 137 191 86 489 137 264 300 112 335 433 162 402 60 171 462 334 172 457 441 112 354 389 307 373 475 179 473 423 135 56 222 
262 186 182 422 176 308 49 294 447 195 79 219 107 333 333 141 236 8 40 476 293 350 292 215 142 438 498 7 133 130 269 17 81 452 285 412 120 8 84 332 143 14 274 106 468 153 253 19 32 183 319 110 408 
213 277 65 189 113 211 395 187 480 146 187 140 159 423 464 30 238 448 274 175 267 231 32 363 143 425 171 313 40 8 447 72 479 165 188 395 113 302 175 133 132 360 415 463 101 344 325 388 404 471 5 149 
216 367 67 108 172 432 211 241 451 135 468 175 138 346 92 330 138 256 71 407 97 144 421 464 83 130 47 403 218 84 196 494 255 141 248 97 0 48 371 341 150 111 109 342 444 475 497 39 471 279 171 
477 144 102 89 196 2 420 282 214 91 395 476 135 393 375 244 68 9 401 60 161 126 211 21 112 132 4 140 142 119 481 279 495 40 73 394 334 326 278 103 226 318 497 240 483 433 452 438 316 101 
228 339 82 238 102 139 481 187 329 108 352 183 350 343 340 200 60 132 114 375 455 276 489 120 403 461 118 428 4 34 470 319 441 176 369 16 168 75 235 362 279 400 34 286 195 199 116 6 176 
157 102 97 247 81 468 7 328 492 301 144 336 412 49 181 400 428 481 428 51 206 313 423 498 22 165 209 119 349 487 393 202 285 6 372 461 462 138 326 108 36 191 146 244 250 242 374 303 
273 108 403 259 171 83 232 144 373 456 47 196 268 433 244 175 169 468 204 21 377 418 269 19 63 466 240 56 90 91 456 276 328 14 330 190 301 140 256 212 19 174 201 283 478 62 114 
182 360 24 447 323 249 202 253 281 171 324 163 252 31 190 75 107 6 133 458 117 200 259 435 383 339 68 498 385 239 358 263 365 438 401 443 250 31 185 268 7 0 80 5 287 344 
264 206 283 148 380 172 22 356 323 359 215 110 342 336 305 22 322 299 328 305 359 344 163 264 377 117 340 496 315 196 81 3 46 258 232 216 351 138 272 417 304 79 124 320 95 
34 262 186 255 111 175 57 149 233 24 199 412 334 65 307 175 438 272 7 26 363 262 454 242 406 357 244 35 410 470 238 324 54 266 23 54 191 186 53 29 345 434 378 478 
275 169 456 465 419 338 39 95 426 258 20 89 115 147 361 395 80 18 194 483 300 178 88 362 334 355 84 182 489 346 379 326 82 312 172 222 197 460 391 312 376 178 11 
351 53 368 191 66 194 7 177 449 150 397 3 305 33 415 450 2 10 459 360 455 315 276 184 219 327 306 491 350 333 58 125 215 370 480 420 297 310 137 480 271 246 
299 335 165 311 223 320 318 410 419 231 152 239 487 474 27 412 66 201 248 109 451 135 491 446 126 326 11 224 279 478 220 175 108 107 241 389 371 381 201 174 474 
357 490 144 46 21 277 296 182 393 213 32 131 200 91 265 370 135 381 60 77 192 166 5 114 225 64 34 34 14 469 240 73 53 423 390 259 396 238 147 353 
405 300 445 148 76 254 29 316 24 119 66 297 370 157 444 321 146 172 364 151 239 188 36 444 110 70 58 116 161 336 378 164 359 110 25 230 256 436 172 
394 414 184 153 59 151 286 81 47 125 90 193 460 211 203 5 164 381 437 408 219 256 252 433 405 332 132 320 117 131 170 142 459 50 172 472 290 253 
419 83 79 79 168 27 461 39 372 37 277 382 379 75 25 205 486 216 434 141 51 233 255 145 145 307 354 325 495 470 115 208 5 145 240 12 248 
7 43 225 216 157 458 256 459 379 285 408 236 222 391 425 68 244 330 211 42 136 281 13 174 180 107 22 452 358 50 140 450 318 129 438 21 
240 171 123 492 274 496 489 280 9 440 486 173 64 85 361 121 119 123 426 98 476 419 350 306 231 14 9 225 363 361 9 136 168 184 221 
284 22 146 216 157 237 365 24 490 210 455 351 196 153 388 113 215 477 217 324 497 112 11 178 21 211 203 447 237 57 371 289 6 164 
382 384 296 258 404 152 414 268 282 199 32 249 166 55 230 467 278 52 484 119 180 23 227 86 146 176 260 173 279 245 199 57 172 
495 466 294 499 173 102 249 204 280 212 51 93 233 108 98 123 377 75 153 314 107 171 2 149 441 332 84 295 479 190 144 439 
29 330 155 0 233 141 455 220 54 213 492 109 116 59 86 217 186 283 112 189 463 235 32 26 72 457 352 342 357 66 372 
197 354 271 404 372 5 365 427 124 76 386 236 305 464 267 232 492 321 386 12 220 32 442 400 65 422 86 456 179 375 
457 389 307 230 198 293 433 75 328 479 12 492 124 72 172 61 323 134 410 256 202 38 476 362 388 151 267 174 245 
283 367 368 241 8 22 371 16 441 20 398 71 370 311 38 338 117 356 17 395 234 481 481 478 144 335 178 466 
168 29 165 126 280 69 90 266 457 204 440 349 103 339 73 219 126 87 310 431 463 269 286 436 341 178 495 
393 180 491 203 182 438 22 0 488 23 146 285 39 25 330 227 499 176 166 469 304 128 181 68 34 38 
343 37 178 13 186 255 98 271 366 172 102 88 116 83 356 271 332 304 486 498 260 206 22 60 324 
111 160 170 447 34 353 55 299 203 484 125 317 394 329 319 230 2 385 66 321 157 118 205 206 
477 379 80 391 296 211 68 233 203 31 58 232 72 205 435 214 349 20 461 24 361 395 165 
62 55 333 102 232 390 352 125 133 477 141 308 404 4 327 204 10 132 75 454 5 397 
172 279 200 246 141 38 461 261 181 154 218 491 295 380 378 117 203 489 426 145 26 
206 38 133 399 381 36 176 272 314 304 389 427 422 181 95 462 226 10 454 70 
384 416 143 361 116 242 235 409 280 260 98 407 211 199 171 367 308 75 43 
383 139 214 432 173 397 53 349 160 226 442 249 405 222 491 263 416 407 
202 417 152 127 43 270 186 396 72 472 58 416 436 123 192 272 314 
287 366 7 85 25 399 78 286 35 139 23 264 149 188 71 177 
330 128 180 10 132 104 306 120 181 345 369 60 187 2 323 
427 269 137 9 254 427 262 376 295 494 360 472 217 354 
229 225 304 216 383 358 33 428 23 482 263 206 415 
58 104 55 317 338 391 246 34 34 454 341 429 
352 276 162 64 358 499 355 209 45 200 472 
394 284 402 56 332 122 227 169 392 197 
116 69 345 86 115 135 285 148 268 
283 255 471 123 445 238 289 487 
224 209 147 415 158 332 261 
326 35 58 22 212 450 
71 390 92 151 319 
446 12 241 204 
249 17 129 
138 46 
206 

