7
1 0 1 1 0 0 1 1 1 0 0 1 0 1 1 1 1 0 1 0 0 0 0 1 0 0 1 0 0 1 1 0 0 1 0 1 1 1 1 1 0 0 0 0 0 1 0 0 0 0 1 1 1 1 0 0 0 0 1 0 1 0 0 1 0 1 1 1 1 1 0 1 0 0 0 0 0 1 0 0 1 1 1 1 1 1 1 1 1 1 0 0 1 0 1 1 1 1 0 1 0 1 0 1 1 1 1 1 0 0 1 0 1 0 0 0 1 1 1 0 1 1 0 0 1 0 0 0 
15351 59584 29290 22759 48489 7743 31525 54816 51179 11577 31098 37685 16332 15316 56967 21708 62415 25951 40498 54774 40880 40311 22649 12257 62212 11465 549 17758 40308 22057 51940 12895 678 21064 23003 28222 54125 30015 14263 21901 21935 23200 6029 50381 24737 21209 53865 42091 13868 20128 56518 7752 26756 15123 32793 11226 14743 61857 31926 37513 22899 22541 50617 51609 61512 55202 29233 34164 4055 50248 33612 48469 1935 36918 39374 59209 28291 6955 8253 35532 41765 42226 42055 57092 7531 40553 60858 49230 30907 30717 53647 55919 23885 11333 47590 12952 12073 31328 4696 17737 56885 48839 658 36198 26003 51527 1977 61370 21471 57792 17772 31953 57229 8767 57877 46932 10021 46767 61190 30982 40645 39313 55931 7682 55116 47691 62939 24312 
64 482 127 399 240 354 454 427 128 362 268 280 376 309 322 57 405 279 162 71 132 232 373 482 246 315 240 178 410 150 53 129 24 354 469 455 188 113 51 5 468 53 443 411 194 50 158 117 134 136 61 318 122 410 228 418 143 311 311 290 21 436 122 418 406 218 264 148 110 283 454 191 375 126 387 427 496 91 465 451 310 76 280 231 276 221 14 474 412 70 127 461 257 319 333 369 297 152 490 325 225 56 443 372 98 428 320 329 455 410 497 218 24 424 243 394 290 495 489 253 242 52 36 324 171 133 197 
482 100 319 29 21 60 103 474 303 260 267 304 19 88 479 310 15 141 376 459 309 62 436 23 223 163 422 357 480 433 467 355 129 81 84 349 394 241 283 367 393 111 2 453 6 436 45 272 38 404 129 263 380 263 264 195 302 2 111 356 403 137 156 128 3 6 194 105 197 225 329 78 172 307 44 61 431 98 139 350 123 399 439 490 477 131 269 224 142 176 274 405 328 167 308 50 96 309 336 118 115 335 67 423 377 136 345 479 10 115 221 270 491 316 285 407 421 374 44 267 113 338 450 135 17 205 
343 251 187 185 34 45 406 3 213 287 32 193 68 391 398 93 356 6 486 436 497 431 343 231 80 248 27 494 254 467 110 295 153 164 419 279 210 159 138 17 303 75 1 6 348 48 333 300 223 247 426 295 51 289 10 187 428 317 315 100 479 189 120 183 294 288 303 443 171 27 466 156 13 404 198 250 428 417 29 313 276 461 282 18 497 157 195 76 357 178 394 335 451 180 329 245 164 379 132 267 345 443 122 472 329 311 136 481 400 339 309 318 448 303 489 65 358 252 470 432 95 410 20 273 150 
454 402 438 144 416 333 262 24 85 230 285 190 71 42 413 269 53 259 11 70 30 151 218 222 420 261 455 450 345 294 60 223 289 479 447 359 257 229 163 289 292 481 86 324 489 223 245 34 291 10 228 308 488 267 292 240 27 115 361 363 251 427 469 448 156 410 135 159 117 243 338 324 456 315 391 50 127 279 219 174 15 86 305 499 232 321 19 195 17 216 214 76 315 55 67 370 191 342 213 269 159 477 195 432 200 18 217 31 415 295 370 273 64 327 122 177 67 381 44 4 192 171 351 321 
5 478 90 386 15 290 181 297 238 497 153 149 150 455 114 187 267 444 182 67 403 307 448 127 383 433 246 482 35 91 247 367 181 340 265 89 124 383 90 191 73 301 58 395 399 29 242 99 193 236 363 231 496 241 438 421 384 494 75 29 186 354 28 212 339 72 191 130 338 456 251 175 87 324 466 266 460 123 125 190 495 362 465 225 123 139 141 235 320 300 409 279 18 104 7 414 166 290 396 496 380 41 168 470 3 44 480 497 407 403 91 80 394 243 130 146 301 210 43 350 280 346 274 
163 346 79 175 490 328 135 486 491 202 376 467 484 118 224 412 168 175 368 403 389 452 225 170 415 471 270 247 339 404 360 133 226 229 63 87 168 16 332 166 190 281 224 496 442 486 203 322 23 456 385 479 16 120 394 232 352 260 207 335 87 304 138 326 183 442 387 248 490 200 133 414 443 278 24 208 334 395 126 324 471 375 137 423 114 373 375 459 371 117 295 197 111 425 372 42 485 175 437 238 342 212 93 325 492 113 300 460 147 39 330 404 153 46 463 138 343 412 226 151 268 401 
203 157 249 109 283 414 196 318 299 475 16 485 434 473 88 144 266 5 101 462 331 231 432 40 103 62 281 430 90 20 444 383 348 403 48 319 250 453 206 256 354 73 222 475 74 75 421 338 385 64 215 39 443 68 187 73 341 430 316 179 129 491 356 319 311 198 430 186 231 246 131 169 448 10 97 90 81 57 407 74 367 254 70 258 400 471 42 389 126 413 103 115 243 254 408 154 155 287 219 251 429 34 61 313 355 494 243 397 283 256 454 380 337 231 461 0 406 251 440 321 144 
343 117 139 79 330 18 469 29 40 52 496 479 443 98 103 324 274 339 428 3 498 229 244 19 91 467 224 428 22 399 461 233 340 416 352 241 477 480 292 338 304 109 390 446 389 412 301 44 189 213 178 28 391 145 36 427 278 454 406 153 156 247 417 172 254 291 12 211 290 258 306 376 237 494 477 181 326 194 382 166 448 164 91 255 155 498 272 351 459 22 202 44 61 281 301 374 57 281 288 476 89 26 185 147 371 412 116 35 215 216 260 468 386 64 388 407 94 272 172 93 
47 359 348 191 491 331 159 357 173 331 401 387 461 476 379 397 380 442 314 241 61 321 14 343 67 328 147 381 347 30 337 311 386 496 412 182 140 81 398 119 188 238 333 46 364 331 462 179 318 162 271 454 242 95 395 340 174 63 492 173 156 2 413 9 185 125 482 37 462 73 18 329 483 205 171 0 270 64 284 123 121 89 349 264 120 378 288 357 398 109 264 81 499 156 499 444 57 404 354 362 5 59 9 183 21 466 103 260 331 116 143 176 46 99 368 476 241 19 138 
233 38 492 444 204 304 435 189 228 297 63 244 464 23 96 478 39 434 51 266 119 250 446 458 138 254 398 173 175 488 204 358 130 296 220 154 149 131 377 489 17 12 183 235 297 31 342 429 312 210 466 467 207 159 388 312 453 475 65 479 256 407 44 462 70 247 218 351 452 50 60 421 219 302 238 357 206 469 2 284 73 382 322 188 204 63 259 377 163 170 494 357 158 26 87 227 382 424 418 264 80 269 415 296 394 36 177 335 118 38 350 3 170 403 139 49 28 472 
277 45 199 5 281 337 238 234 426 411 299 293 411 247 425 203 44 457 261 340 430 385 183 224 432 404 101 89 372 181 32 37 323 284 492 240 95 392 75 343 97 388 112 499 467 274 3 421 63 21 145 20 388 343 256 283 339 6 24 203 19 330 437 476 99 118 73 159 121 165 102 404 347 186 201 445 6 147 358 416 155 258 64 97 16 434 234 396 261 372 268 358 388 254 135 428 470 493 346 216 491 287 42 85 444 378 81 386 270 117 487 212 33 381 337 284 117 
30 316 174 125 374 230 1 173 39 89 409 225 406 165 409 256 376 143 49 183 244 378 305 51 49 140 189 179 459 226 390 33 70 183 193 72 458 467 21 89 14 373 263 353 477 492 62 244 87 202 378 338 334 457 290 339 115 222 449 213 291 205 96 131 138 184 244 110 335 376 201 289 428 419 168 69 165 101 342 251 475 340 467 189 119 456 492 314 90 464 340 200 364 446 163 432 171 172 102 376 58 74 355 259 300 90 37 168 360 148 346 169 223 124 184 415 
169 481 408 348 408 480 354 251 310 471 244 173 119 461 54 124 368 294 230 416 235 313 224 22 409 196 266 361 498 494 335 278 439 410 361 454 203 499 15 282 176 194 71 395 179 280 9 347 260 89 42 458 217 318 400 15 110 240 109 371 369 201 377 132 402 34 297 448 194 283 164 201 132 354 100 107 441 174 332 211 152 447 122 227 389 457 371 244 456 189 79 39 295 26 180 76 397 276 165 258 193 287 272 366 38 264 139 445 423 159 406 199 207 179 87 
19 107 131 115 235 423 293 252 499 144 308 373 34 214 49 126 189 239 425 391 365 365 1 265 243 411 316 83 385 110 405 406 448 85 368 376 80 379 47 26 293 488 29 169 84 336 211 254 281 242 349 485 325 23 88 437 108 59 198 379 53 26 91 192 126 287 277 5 29 131 222 55 248 191 201 259 275 469 156 58 318 80 71 300 4 494 29 372 34 183 465 68 95 491 170 309 375 318 498 336 409 120 481 50 206 113 434 412 331 93 363 376 246 192 
401 71 83 66 420 166 135 215 309 372 40 216 311 463 134 331 323 432 277 9 73 20 134 375 38 78 342 50 464 321 497 91 222 483 251 203 383 221 384 346 358 44 264 336 28 366 109 405 34 211 8 28 216 480 281 369 230 110 160 324 188 287 309 338 93 317 160 9 364 250 477 334 329 354 398 141 202 76 468 282 164 28 313 248 112 291 34 381 335 75 475 227 306 464 160 175 244 474 373 493 146 249 156 2 22 391 379 124 6 414 279 406 425 
269 182 386 233 484 255 72 325 414 472 312 89 420 222 175 470 264 369 70 491 108 283 30 61 481 414 356 465 460 288 95 149 178 465 451 177 426 214 486 147 451 445 212 105 137 33 351 287 147 422 495 412 480 496 101 203 209 223 252 274 478 467 93 101 427 478 267 169 101 268 56 344 431 88 74 468 321 330 433 440 424 256 70 378 412 268 133 303 203 334 386 366 139 234 166 90 11 131 125 47 40 16 138 424 351 200 127 404 293 232 209 80 
38 385 30 487 411 36 369 268 165 3 73 322 236 221 465 297 260 5 305 469 481 84 367 483 300 168 321 433 435 8 307 288 397 359 414 79 43 419 189 261 424 68 461 24 383 77 366 6 33 37 285 377 449 401 58 174 78 436 392 358 215 288 358 453 152 499 470 225 227 196 309 487 375 477 381 174 317 373 395 470 139 26 201 461 239 134 238 138 419 425 401 14 374 55 13 102 462 58 236 385 481 257 150 295 327 204 333 407 51 249 464 
83 492 449 377 438 451 54 163 5 475 28 17 475 425 305 102 408 413 207 483 217 343 148 165 485 414 180 59 449 126 410 7 402 261 142 395 400 137 349 488 299 479 389 41 425 331 483 155 456 263 469 66 130 468 168 123 54 112 139 149 266 168 309 338 271 215 304 71 314 403 496 219 399 171 397 397 260 359 55 39 268 120 8 269 70 343 142 113 267 97 136 365 236 227 230 406 167 250 174 436 34 40 169 417 191 465 262 0 156 88 
17 91 213 98 126 30 422 85 208 82 423 22 405 0 334 107 404 195 427 134 399 212 361 311 231 433 473 249 489 356 307 207 243 416 196 124 193 299 332 457 488 294 308 293 240 32 268 487 352 456 55 66 443 27 360 497 437 79 385 115 418 355 450 131 20 40 359 158 16 178 74 183 270 75 408 26 146 216 195 71 484 41 419 352 375 278 342 71 453 105 178 478 26 463 442 137 47 318 63 264 93 278 328 25 163 403 187 97 50 
468 113 21 19 470 374 312 381 364 19 339 23 295 380 401 77 283 438 67 11 84 376 376 382 231 197 55 428 372 154 200 225 438 143 420 487 343 49 370 389 72 268 77 5 407 451 34 492 14 488 73 463 373 11 342 265 479 261 109 284 371 120 418 16 437 22 83 404 61 168 461 40 168 76 374 296 449 309 392 286 19 165 206 76 17 111 493 412 279 276 323 345 92 406 397 415 121 402 120 368 226 459 108 239 329 478 261 200 
106 258 101 400 207 294 439 158 406 314 82 214 303 498 72 294 311 57 414 286 18 57 310 113 353 328 420 420 492 330 166 182 150 329 168 98 431 138 435 250 9 202 194 85 258 428 387 146 437 57 398 435 373 484 242 210 39 479 356 290 407 103 207 484 220 454 215 317 493 447 264 296 496 157 437 192 161 267 7 473 39 324 482 55 265 418 312 436 130 477 288 5 96 429 190 204 419 373 370 460 19 484 190 224 453 65 295 
419 218 462 37 206 43 198 102 422 328 477 380 13 8 403 431 114 427 483 396 304 17 331 3 270 156 454 205 474 185 284 192 241 139 319 324 118 420 30 416 400 15 195 392 479 360 229 172 82 135 249 333 85 196 452 83 450 290 111 287 219 187 370 231 447 283 336 65 124 478 16 309 323 326 88 392 250 386 213 373 491 17 55 488 291 396 302 346 98 439 427 238 222 151 260 50 185 250 182 116 101 354 9 426 31 210 
441 260 364 120 307 332 309 88 295 199 402 493 180 171 142 181 2 493 74 2 269 175 252 17 84 366 158 440 238 436 416 274 121 437 484 264 367 18 216 234 415 480 301 317 277 353 46 444 16 398 298 289 318 330 100 213 373 106 354 146 267 189 67 274 384 325 448 60 344 276 465 351 484 47 286 189 48 279 315 209 367 461 237 190 442 51 196 237 51 490 335 8 125 371 29 444 456 67 303 401 165 212 278 439 38 
92 247 95 50 421 474 109 84 133 227 113 62 17 154 444 238 67 489 375 186 80 331 459 108 43 1 179 157 126 130 434 317 169 231 251 338 461 221 41 268 342 289 18 265 387 493 418 293 390 83 327 81 226 442 313 14 437 155 187 126 17 25 477 474 487 422 11 54 429 278 66 467 35 391 129 442 136 267 139 254 83 123 144 97 414 375 204 446 283 373 134 181 223 432 289 459 102 325 417 36 178 447 235 366 
83 279 382 267 9 311 122 186 409 258 206 2 385 39 364 88 367 193 377 411 361 193 208 85 83 362 197 293 428 206 295 30 421 246 326 214 431 407 273 48 370 219 137 55 181 109 194 406 53 453 374 171 230 36 17 146 344 294 77 414 202 113 334 108 496 40 454 164 404 13 114 379 256 398 471 207 325 313 141 403 412 35 407 353 126 333 186 22 121 325 147 129 332 449 167 412 443 183 204 322 115 399 456 
154 337 168 134 231 432 72 290 161 172 252 456 332 442 480 193 99 190 27 213 256 292 15 234 323 139 447 289 311 120 417 327 469 69 419 241 144 72 300 320 229 400 233 53 409 25 37 416 332 31 150 239 272 483 491 182 290 104 369 433 401 312 380 120 19 29 200 188 104 23 160 361 168 417 249 441 201 29 175 429 415 169 381 454 329 449 397 44 129 207 235 45 306 69 406 111 172 50 163 476 104 169 
35 311 359 333 349 126 43 421 152 26 121 253 107 287 174 144 323 184 134 125 141 246 273 479 109 112 367 316 214 53 419 477 440 158 87 195 496 41 72 240 328 333 147 420 425 344 26 162 177 387 469 35 120 443 169 413 134 71 481 331 25 293 107 169 44 340 126 341 432 167 201 190 203 18 63 409 378 273 22 144 443 51 240 404 360 49 157 283 387 427 408 216 222 15 279 327 280 18 1 43 192 
491 233 485 463 370 322 122 407 384 281 81 56 402 416 196 85 360 363 266 241 89 279 474 160 331 241 229 82 248 463 493 130 11 379 226 283 210 461 463 444 157 281 285 375 456 263 220 31 145 424 170 399 332 408 67 282 214 62 131 374 413 266 293 102 300 348 265 459 203 180 389 247 3 321 265 69 375 421 74 20 315 373 299 207 152 479 361 425 63 184 386 236 54 122 425 202 480 495 101 145 
211 131 250 371 257 392 72 356 463 434 284 98 126 183 267 191 335 400 410 429 179 196 463 2 165 155 286 224 355 238 17 148 25 434 109 26 422 227 358 209 396 355 282 288 301 131 429 122 472 323 372 440 473 273 452 228 449 433 304 417 481 172 96 465 481 414 308 361 115 297 415 191 419 457 216 469 343 278 401 138 10 69 357 123 329 269 39 25 383 387 38 34 422 225 31 114 361 218 301 
375 490 428 275 24 492 222 469 419 456 423 157 297 358 394 300 192 226 274 417 396 308 237 409 326 68 242 318 376 49 212 263 407 325 384 453 33 179 206 0 475 169 10 453 412 146 146 196 226 195 239 36 410 91 276 251 262 302 92 417 105 124 358 175 404 351 263 39 45 148 251 145 7 430 239 145 345 215 26 311 196 184 52 3 216 472 3 68 167 61 445 259 28 226 323 189 480 416 
203 75 364 296 210 455 135 371 42 227 460 206 103 103 229 422 268 59 499 321 134 285 415 494 335 343 374 301 346 317 125 25 67 78 129 86 56 427 190 156 318 369 114 73 215 243 220 335 485 374 347 48 215 84 222 355 146 67 393 20 213 209 417 350 202 295 67 434 158 477 244 93 3 305 239 387 319 422 160 154 277 337 441 310 376 178 328 41 233 184 338 56 125 57 194 224 291 
283 37 24 137 253 30 180 320 43 331 188 241 90 50 45 209 289 487 135 260 169 141 147 190 422 458 180 60 383 375 436 31 65 186 225 42 194 411 311 247 281 196 388 197 215 160 262 297 206 198 249 279 106 250 394 83 369 227 468 341 383 51 240 330 490 150 239 35 300 486 80 292 153 458 351 317 294 135 408 415 197 50 136 447 294 435 118 373 352 426 162 192 23 455 69 335 
117 5 112 343 256 203 248 381 485 172 68 99 194 444 404 179 116 449 301 95 333 105 5 93 109 24 304 0 263 468 389 228 426 450 83 455 73 267 237 370 438 229 347 228 140 206 155 243 270 64 312 45 27 157 477 463 437 53 156 296 151 231 131 369 137 79 276 453 351 422 456 263 256 45 35 284 167 109 105 37 440 335 280 360 145 463 359 372 210 5 294 106 247 121 350 
270 169 28 317 44 419 146 366 64 170 212 111 467 337 336 137 346 345 371 271 147 8 280 290 15 193 419 162 414 105 328 348 128 372 4 101 481 233 292 6 32 51 374 133 275 348 207 259 155 7 305 197 413 209 332 471 482 273 429 468 114 128 307 421 309 301 416 413 353 400 58 392 252 179 147 453 495 334 301 108 220 499 443 113 205 326 460 45 338 206 110 197 52 445 
109 399 365 225 277 468 472 49 183 484 70 464 192 208 157 146 223 406 407 415 88 284 133 282 371 297 377 172 412 147 246 383 377 57 181 332 487 359 296 129 256 499 190 215 191 446 329 387 94 286 178 261 261 274 85 219 421 288 118 471 351 39 171 336 405 386 311 210 61 79 143 59 50 245 110 161 348 402 23 264 138 210 222 421 214 265 61 202 471 44 380 203 433 
277 442 490 88 373 459 170 37 166 120 410 340 241 321 396 147 82 186 175 40 91 36 499 70 52 91 414 420 105 52 42 360 43 15 425 461 349 239 345 269 202 295 477 56 269 245 38 213 439 499 66 128 285 146 77 56 199 242 394 497 242 195 438 227 139 120 246 270 24 434 408 364 456 359 256 52 209 322 406 40 193 36 417 429 190 246 170 249 477 362 485 142 
430 324 451 484 272 304 141 110 416 17 88 59 47 351 440 148 154 18 457 322 330 251 380 114 230 34 267 292 3 457 18 312 394 121 251 41 309 202 462 326 68 360 315 400 220 188 184 328 331 368 324 139 415 497 126 313 188 227 355 128 81 161 156 343 285 127 99 469 183 495 365 458 70 59 125 379 243 236 417 311 180 412 123 488 282 284 201 204 56 468 223 
490 169 114 293 484 63 236 21 365 45 128 393 495 86 65 332 315 426 47 121 212 441 450 2 303 192 320 326 69 232 216 328 464 424 139 153 333 96 147 28 82 162 431 87 356 38 450 34 115 140 271 305 192 318 348 329 39 311 168 175 415 14 156 310 490 316 118 147 245 263 200 321 172 112 215 129 259 316 393 93 52 385 70 80 26 384 486 187 156 336 
390 145 170 433 109 103 437 439 489 325 234 472 416 228 376 7 275 204 413 133 487 406 46 26 176 446 430 291 295 310 233 67 38 178 65 397 319 13 372 255 362 440 377 70 136 264 484 383 200 231 367 222 296 268 376 468 118 392 87 251 311 41 310 256 462 402 336 250 484 354 156 11 209 138 81 164 193 462 41 82 135 345 250 237 151 289 37 395 236 
464 93 323 36 430 420 48 282 32 300 216 469 101 29 143 153 102 438 312 109 152 213 466 186 119 327 398 109 157 464 50 71 435 66 135 261 158 459 173 351 308 41 328 404 74 448 303 430 127 407 291 249 319 75 356 153 83 22 377 226 202 313 310 457 157 16 19 357 91 188 250 447 181 301 99 451 432 460 76 71 140 337 167 37 238 444 93 61 
51 72 280 285 391 350 312 410 324 93 469 319 456 332 389 319 431 479 164 496 357 379 180 136 2 169 132 146 157 205 362 80 493 115 313 15 244 88 441 34 410 302 446 296 196 430 41 412 48 435 466 332 329 425 492 91 16 184 417 380 392 231 337 130 94 301 202 250 425 412 107 417 313 111 120 401 182 441 247 39 183 287 482 318 107 313 491 
61 106 141 7 36 308 318 459 145 93 478 257 99 172 53 345 102 277 96 435 34 247 460 73 417 53 72 201 89 183 399 277 264 368 127 97 427 210 393 236 247 424 65 252 5 190 230 221 217 458 322 113 498 64 76 404 492 419 334 27 93 352 114 138 158 312 347 344 356 90 6 457 314 457 231 236 392 79 458 42 308 190 371 442 459 409 
259 380 269 444 81 171 86 334 296 398 324 151 33 319 340 442 419 257 63 499 444 439 491 1 238 128 348 176 250 104 198 282 342 447 251 386 1 253 224 332 86 319 79 417 451 45 297 445 479 311 414 483 325 465 390 101 227 162 255 326 480 220 461 104 383 415 218 199 131 145 107 357 70 388 317 279 486 289 432 314 273 51 377 16 351 
246 402 401 144 374 39 329 152 187 165 146 446 38 110 163 246 23 242 390 269 414 55 266 332 351 399 186 13 33 291 227 480 375 436 124 273 366 33 334 75 356 81 326 24 100 350 498 449 333 294 340 325 322 215 416 353 204 51 334 450 388 347 64 356 212 376 256 430 123 108 270 67 113 127 250 22 247 258 146 291 193 121 200 29 
34 5 217 104 1 423 354 137 464 173 59 136 318 153 34 432 202 325 431 38 32 39 172 471 484 374 463 314 313 417 23 494 324 198 277 145 441 95 324 297 372 414 103 287 346 134 305 64 203 150 207 370 285 236 466 15 440 76 113 430 394 376 382 59 417 477 133 421 252 15 152 124 239 176 83 180 61 430 66 189 268 40 383 
434 113 407 307 48 73 3 85 206 415 13 255 183 175 164 484 424 439 84 50 94 283 176 15 249 326 402 439 213 174 496 93 98 449 208 403 154 265 432 433 220 389 339 378 144 165 188 182 87 298 177 366 130 126 328 138 115 334 104 414 439 304 260 37 104 479 495 421 97 32 72 122 37 233 197 1 483 230 135 424 30 406 
301 207 284 311 287 247 221 410 274 115 437 54 490 35 31 189 145 199 154 149 130 117 20 172 28 294 427 1 174 87 339 332 161 424 173 396 54 140 428 156 497 59 417 280 322 245 468 66 249 138 117 92 309 388 316 45 306 422 178 421 63 112 39 193 27 151 225 160 489 316 301 369 164 288 62 196 246 466 385 83 478 
494 442 473 333 253 171 149 263 337 296 320 367 363 330 38 300 201 492 380 364 159 82 58 367 498 118 230 55 485 30 471 89 237 307 217 270 292 329 496 397 489 133 174 421 131 84 165 464 377 395 85 478 56 287 446 206 318 224 403 40 403 440 45 469 297 198 305 124 119 497 463 136 29 17 16 173 86 152 41 382 
216 73 349 251 410 213 241 282 499 410 6 324 414 34 341 180 151 298 25 22 341 41 198 325 15 156 158 100 45 186 73 228 432 405 391 80 290 437 455 75 21 264 372 407 138 309 149 50 402 455 292 343 382 158 422 1 266 341 441 209 184 270 237 3 379 102 322 123 191 97 166 72 417 92 359 23 156 453 406 
322 166 76 85 104 327 489 451 216 349 162 424 343 156 250 401 451 124 151 336 194 47 144 134 84 293 126 81 41 161 407 365 360 229 153 198 182 133 87 417 403 441 312 281 334 260 123 359 437 173 3 93 306 386 50 445 341 400 288 150 88 158 277 68 430 487 166 244 149 198 247 25 144 327 122 472 450 343 
7 315 369 112 385 234 330 265 103 281 73 358 330 202 276 335 162 449 176 7 271 56 73 57 324 47 102 188 102 295 224 297 93 208 487 448 45 389 167 98 128 464 200 483 412 105 376 144 242 455 122 121 15 244 71 164 91 17 93 354 482 96 271 311 203 249 119 77 190 10 242 360 205 458 469 421 132 
485 26 448 32 478 97 32 242 72 222 27 55 151 146 318 253 61 29 149 91 331 493 179 406 2 468 231 137 55 395 219 36 191 35 44 389 330 140 228 477 353 424 320 29 273 96 364 405 221 0 289 234 243 266 63 280 497 317 92 496 377 344 413 307 379 386 191 138 243 139 163 363 130 343 61 403 
369 142 124 336 55 412 78 73 62 141 485 291 235 157 11 80 396 327 417 98 341 93 336 289 388 341 443 319 118 349 347 95 131 39 317 157 23 1 357 63 79 31 391 235 219 43 140 53 232 194 361 131 185 159 472 88 81 248 364 421 483 279 485 71 421 416 36 329 437 11 324 98 289 167 452 
348 497 22 350 408 415 1 96 374 320 250 495 484 166 44 226 307 76 32 68 330 199 362 208 409 222 212 82 368 341 362 221 19 473 421 213 127 398 389 321 373 376 77 407 140 161 448 304 139 465 79 103 311 151 341 432 350 57 206 270 331 455 240 499 49 453 357 432 283 468 249 55 29 390 
390 412 333 188 174 379 427 102 183 349 68 34 317 281 317 154 204 243 280 11 35 477 165 63 73 38 172 493 400 362 239 240 21 417 299 189 105 268 297 94 168 60 16 138 358 334 234 62 225 12 23 258 222 0 339 387 53 233 394 183 451 397 262 482 340 256 84 329 200 356 246 87 180 
303 187 482 99 399 475 11 80 167 281 319 278 86 424 427 336 456 217 19 197 352 403 5 97 89 139 182 262 311 93 85 448 120 196 424 159 110 277 207 133 295 274 124 205 234 247 378 441 67 212 426 387 482 388 26 223 175 455 248 273 324 440 333 232 472 286 451 146 332 351 435 206 
43 447 308 457 353 495 162 334 162 334 156 35 253 213 216 291 74 12 78 253 109 188 159 148 24 342 448 238 137 192 213 184 164 61 319 223 404 284 431 80 289 249 238 367 322 171 1 392 0 481 181 203 91 306 17 83 76 451 440 202 184 452 174 118 429 163 421 106 88 1 381 
285 279 58 163 85 224 355 272 322 294 342 416 60 371 443 296 464 26 26 121 169 161 98 491 242 100 214 420 353 28 195 294 237 389 159 456 8 142 394 252 142 393 380 182 449 397 20 325 459 279 252 407 325 495 5 123 436 167 435 308 439 166 4 351 145 71 175 141 48 172 
225 176 367 168 25 463 52 472 308 209 450 46 443 219 107 480 198 116 436 107 403 344 25 356 486 474 244 487 45 405 136 434 69 187 39 310 304 376 48 133 468 285 455 115 127 77 30 356 365 218 1 150 490 34 44 117 232 210 200 264 235 217 322 159 358 308 365 121 429 
332 437 95 37 499 329 98 79 161 363 254 389 418 441 437 305 435 370 488 107 266 426 459 57 373 321 363 59 224 299 407 290 363 95 398 412 131 170 289 455 30 200 286 417 224 378 420 324 203 169 483 338 483 400 395 276 161 130 79 322 434 396 19 142 92 431 224 441 
241 309 10 453 435 169 30 154 314 411 78 110 262 391 443 176 172 2 426 221 355 20 108 437 155 426 143 401 243 177 247 352 484 54 495 260 5 105 247 143 58 209 106 247 248 226 329 312 99 288 0 45 74 431 307 79 26 152 224 466 496 44 487 283 4 360 252 
3 497 366 152 267 282 283 333 79 386 57 404 181 452 333 419 489 154 58 185 485 446 5 96 221 198 133 242 267 165 172 36 334 342 455 357 412 365 80 67 145 185 70 188 166 243 455 338 390 414 236 246 371 241 479 453 225 99 345 343 465 313 161 22 423 238 
408 341 272 167 11 352 268 217 334 24 97 308 276 291 398 293 56 195 398 443 94 187 334 92 103 95 126 330 133 28 283 133 257 157 438 94 431 463 364 116 312 426 443 136 38 442 243 84 188 428 132 67 162 334 346 333 455 17 48 121 471 323 244 265 409 
470 427 384 63 325 2 352 306 31 114 392 60 193 26 118 50 247 192 315 69 280 140 467 498 404 368 259 13 463 337 146 265 15 195 350 252 29 130 163 410 23 156 350 350 497 414 465 457 214 117 233 383 347 289 254 478 281 194 52 205 278 425 345 118 
21 6 246 136 337 353 330 156 102 208 499 173 5 145 342 394 318 312 489 37 79 23 365 469 229 484 486 283 340 137 448 146 483 180 480 464 369 299 267 394 168 305 293 382 363 55 397 90 36 81 282 479 40 358 280 281 382 250 360 230 251 139 254 
51 461 106 75 11 492 326 392 220 19 34 99 423 206 41 128 110 499 44 371 252 149 349 47 326 457 4 394 321 173 228 479 242 162 442 104 191 233 118 16 233 240 258 463 31 23 53 298 434 185 42 216 453 253 13 292 313 17 454 43 192 389 
127 84 474 114 75 467 70 362 466 197 307 304 182 214 11 393 165 35 157 132 360 16 336 52 146 206 113 8 485 202 88 190 8 201 308 31 329 65 313 470 372 272 170 295 97 470 205 477 378 64 279 113 482 352 33 75 351 177 258 351 235 
245 292 96 121 321 165 313 189 223 91 176 382 113 3 369 212 81 234 446 40 216 82 345 23 0 31 233 341 481 93 182 364 14 379 426 236 461 202 310 453 202 308 270 186 116 184 377 43 53 229 394 141 221 312 353 298 202 233 228 178 
54 462 66 274 436 33 420 193 86 440 177 266 45 239 159 60 125 370 8 481 27 15 4 13 102 7 26 227 35 317 284 302 293 380 349 257 29 176 89 375 451 333 292 328 316 69 73 49 282 416 206 223 197 193 219 30 125 258 26 
156 6 33 20 121 186 126 165 444 126 20 411 373 267 367 484 327 366 297 127 310 391 81 283 421 185 450 399 372 475 238 65 39 280 399 33 334 499 416 389 355 478 178 189 407 481 276 395 80 413 99 374 57 290 393 438 84 197 
16 182 166 412 66 199 241 233 8 7 290 377 236 459 77 190 303 468 158 427 127 194 444 9 272 249 391 221 435 367 148 120 354 46 142 287 212 45 305 394 70 381 498 319 244 86 450 493 4 314 167 366 167 22 272 37 448 
63 143 217 373 119 207 428 115 22 141 359 346 162 34 59 369 252 132 285 290 472 185 28 84 253 144 173 152 8 490 430 184 194 171 67 389 241 221 282 54 339 457 32 174 493 315 328 340 414 257 345 8 440 155 431 193 
412 115 23 402 206 28 439 464 142 487 124 220 339 403 95 126 399 402 40 100 99 248 184 53 335 221 426 233 83 53 336 420 335 342 75 467 180 270 278 69 105 128 467 219 204 442 181 441 108 224 160 184 62 491 188 
394 464 26 68 65 140 112 115 34 290 172 99 24 180 486 111 290 362 335 195 273 107 165 93 92 36 426 461 167 328 462 297 468 282 214 154 408 349 74 377 495 81 417 94 150 312 382 268 498 280 192 464 122 327 
90 226 150 59 297 355 68 355 259 279 410 328 264 82 421 65 174 354 54 413 191 24 68 348 170 135 169 218 220 356 461 314 339 207 337 307 456 92 340 460 427 63 106 302 78 52 405 408 176 48 490 214 130 
220 52 351 416 246 284 405 171 318 231 30 478 159 318 213 130 101 427 464 19 413 206 216 419 262 423 231 249 138 371 159 473 63 321 128 216 311 172 266 85 133 381 275 483 169 95 375 463 220 162 143 85 
113 399 319 29 390 188 397 94 406 274 252 461 453 324 10 414 362 412 461 428 313 87 292 151 81 491 298 439 80 398 331 361 204 207 273 186 166 347 414 134 240 137 308 412 290 239 28 311 100 299 393 
85 407 218 235 144 195 75 135 468 188 440 53 434 415 360 257 198 160 26 5 136 369 393 132 411 61 222 398 394 37 330 358 334 37 231 376 141 218 374 425 167 325 249 346 327 356 261 96 448 28 
338 415 234 171 255 438 79 103 199 3 282 283 428 392 65 472 71 58 149 493 45 378 188 464 321 453 80 6 398 336 82 480 272 202 400 161 79 118 65 33 326 71 461 343 36 334 73 8 308 
469 163 433 124 403 262 311 235 281 349 448 1 256 348 15 280 137 323 309 123 342 245 429 392 224 225 333 41 109 345 143 74 15 36 142 217 176 216 131 281 361 456 165 166 226 131 298 236 
313 285 479 71 20 44 358 278 30 387 69 482 416 101 15 250 180 186 178 114 91 65 315 335 473 288 167 35 361 66 119 103 306 447 97 317 258 250 31 56 214 172 169 335 440 169 388 
168 122 418 261 123 243 263 93 159 474 446 383 433 120 472 350 159 326 305 86 487 413 310 348 183 77 143 75 480 374 220 69 30 376 267 431 324 219 379 497 249 391 64 280 71 106 
199 216 150 160 249 185 187 58 33 135 294 212 129 55 490 227 189 458 91 195 371 448 420 458 492 54 186 59 368 184 23 191 168 439 114 319 262 171 265 202 484 375 373 84 486 
329 294 453 352 350 489 263 381 235 244 191 87 128 426 374 467 227 398 291 40 3 291 38 433 355 341 194 137 62 4 201 302 179 360 35 97 321 383 447 376 470 186 10 380 
185 311 409 179 498 253 294 197 438 365 245 486 280 401 300 120 450 401 243 366 84 412 420 122 34 463 272 303 12 38 193 91 446 328 487 280 96 22 398 280 229 446 433 
243 210 371 154 390 324 158 30 390 215 289 74 349 367 193 80 271 190 96 37 66 432 439 358 243 307 97 456 385 432 125 346 306 31 222 403 416 344 219 87 19 154 
267 310 191 23 170 209 53 431 190 352 85 47 224 202 53 323 153 227 102 424 143 186 215 145 374 124 445 81 212 231 431 106 214 295 2 432 471 475 230 246 102 
326 236 123 77 175 128 376 369 497 220 97 479 465 299 105 72 253 66 234 28 60 183 343 411 63 202 384 132 310 230 344 497 139 320 325 176 225 104 380 7 
438 173 240 35 232 441 453 164 481 431 118 288 346 48 132 7 424 28 291 115 281 312 74 150 275 270 60 238 182 162 154 342 466 279 160 458 314 373 103 
58 277 379 164 403 364 109 179 53 493 453 406 316 349 97 228 495 108 235 273 257 205 404 195 412 429 156 310 143 492 10 311 456 334 465 19 145 69 
311 12 18 159 259 200 74 389 417 156 414 221 44 189 50 443 401 378 204 32 379 218 495 2 288 150 434 376 470 346 27 272 19 25 114 468 362 
266 179 120 381 105 493 232 298 212 51 86 413 45 337 172 152 9 168 392 162 171 375 411 8 230 161 149 257 126 101 54 386 38 341 473 162 
122 144 358 380 26 426 106 447 3 327 372 422 340 398 60 439 286 376 433 15 340 426 294 207 337 61 125 40 240 58 188 170 370 447 145 
184 473 338 289 304 80 372 262 199 316 148 14 308 280 167 299 317 389 66 136 74 225 408 181 434 150 103 344 393 345 239 365 415 9 
263 375 45 94 256 177 101 117 425 333 198 60 110 368 188 314 231 481 468 477 40 469 219 287 84 390 359 237 401 94 118 462 342 
232 384 370 0 38 224 468 465 468 64 439 399 312 189 2 53 64 368 478 490 98 76 75 66 397 151 245 208 460 280 471 159 
388 266 400 202 92 346 243 440 442 491 300 342 164 184 476 422 458 161 420 30 308 494 187 229 219 367 178 249 107 399 206 
124 128 258 157 149 414 188 143 493 164 97 411 265 249 186 341 242 265 54 474 380 479 125 209 55 437 201 319 200 412 
350 282 355 160 127 368 352 8 6 257 356 340 435 96 283 96 188 39 370 373 189 404 357 41 474 64 376 58 120 
304 337 335 448 470 16 493 402 82 1 265 313 242 326 196 221 427 278 238 227 246 484 327 353 198 198 374 231 
321 367 173 310 197 452 397 365 360 252 362 130 46 93 419 204 89 325 276 85 327 157 345 244 238 214 64 
161 123 407 130 308 1 415 269 108 191 159 24 168 81 8 220 327 80 462 223 11 115 178 21 482 142 
490 391 113 8 271 73 367 238 196 348 272 203 54 334 368 331 230 333 185 368 91 384 95 366 420 
466 317 357 301 381 262 81 470 272 16 162 386 401 135 45 222 434 211 326 328 53 282 180 87 
234 179 304 153 483 105 425 25 201 488 279 10 222 159 490 104 363 120 11 48 129 372 88 
432 219 44 116 170 70 156 422 227 393 198 342 161 140 372 192 81 159 126 209 264 169 
114 309 376 57 459 346 64 275 273 41 318 58 38 140 386 217 485 378 356 118 311 
245 440 437 390 64 182 397 30 45 309 436 332 334 46 347 5 47 476 16 306 
126 358 130 398 170 65 260 429 159 289 446 96 260 16 336 275 237 403 307 
406 467 25 114 317 342 137 441 206 283 279 356 421 296 489 266 382 259 
493 111 126 192 102 341 99 418 35 194 216 440 76 185 243 141 366 
380 137 498 428 291 432 33 75 36 350 77 20 225 109 139 278 
155 330 477 53 159 197 321 354 306 374 234 119 388 217 196 
89 188 333 300 49 258 345 192 429 337 293 175 194 497 
337 397 463 103 354 303 287 425 426 57 388 487 373 
224 122 200 477 154 424 401 368 111 204 70 370 
75 479 266 367 91 98 40 32 101 344 164 
97 421 400 315 91 320 371 132 281 52 
84 116 209 8 342 303 424 211 430 
105 242 148 37 216 158 482 485 
158 8 183 78 356 136 165 
216 37 479 6 239 445 
338 329 214 213 288 
140 416 367 180 
162 389 106 
363 312 
83 

