7
0 1 0 1 0 1 0 1 0 0 0 1 1 0 0 1 0 1 0 1 0 0 1 1 1 1 1 1 0 0 1 1 0 1 0 0 0 0 0 0 1 0 0 0 1 0 1 0 1 1 0 0 1 1 1 0 0 1 0 0 0 0 0 0 0 1 1 1 0 0 0 1 0 0 0 1 1 0 1 1 1 1 0 1 0 0 1 1 0 1 1 0 0 1 0 1 1 0 0 0 1 1 0 1 0 1 0 1 0 1 1 0 1 0 0 1 1 0 0 0 1 0 0 1 1 1 1 0 
21954 39024 56285 20429 58490 28265 48068 57557 54240 57086 60066 49986 21266 11584 47523 30406 60877 913 58025 17658 57341 48701 46205 1282 39513 4247 52124 25837 50879 24996 30339 60368 13454 1974 53046 35811 19036 13280 45222 36224 2134 56560 41246 4536 25166 25261 9984 23794 34501 53480 16239 20338 41948 19609 31419 59875 56806 12116 26022 33840 38453 21302 37306 30619 60003 4230 36586 1875 31444 43855 14759 36284 46444 19488 54397 14051 44289 26300 11548 43324 21251 34439 4053 46031 28438 25817 36654 57650 5323 28206 37250 7295 17234 13917 59151 44283 47500 20784 53401 967 10915 26593 40785 38468 8481 10283 49790 1117 37981 10811 42895 38922 7765 53444 14122 23632 54727 46559 15269 2323 47032 14289 58255 37753 1546 4443 26247 34592 
322 31 374 358 18 99 429 108 169 330 399 113 482 232 113 334 486 136 433 245 266 216 413 281 175 495 409 201 244 427 269 288 138 317 37 92 323 391 482 490 328 372 264 209 308 208 417 469 52 397 1 87 66 435 226 251 251 2 216 207 52 303 144 112 69 143 54 19 303 423 198 18 35 366 97 115 299 342 100 410 357 134 448 353 75 198 443 308 415 34 8 356 72 28 50 14 368 191 267 62 464 230 247 275 146 172 221 7 120 414 346 229 246 419 257 313 387 379 243 225 32 423 498 403 272 313 422 
171 28 367 383 142 490 8 348 259 274 158 200 240 180 361 284 27 104 479 209 212 56 97 385 103 154 289 31 477 336 101 101 13 85 322 254 207 78 366 207 62 318 190 55 435 203 136 31 309 100 73 181 204 290 392 473 329 429 425 8 253 191 347 255 209 309 378 355 179 310 425 464 171 77 8 262 88 474 85 23 146 61 42 150 453 76 189 248 351 268 492 44 260 347 170 80 151 170 248 411 480 457 481 113 299 394 36 464 25 493 361 15 283 280 310 26 170 78 470 428 311 283 69 209 202 285 
38 429 134 117 117 105 201 99 147 452 22 443 425 358 10 20 356 392 357 288 232 490 65 185 296 162 18 230 433 23 19 4 385 328 180 56 251 493 243 429 415 425 343 479 262 231 471 58 271 77 134 211 65 61 213 283 266 128 205 76 232 359 47 32 190 377 403 103 14 77 314 408 22 232 424 134 491 408 333 156 469 51 189 425 181 77 345 342 49 308 104 235 151 464 246 204 397 46 189 121 79 476 190 151 123 422 94 391 128 112 38 381 136 316 278 374 132 323 392 470 452 249 378 51 211 
458 98 183 143 408 395 420 472 93 123 474 318 173 222 237 442 444 496 153 440 96 429 387 187 374 353 112 453 159 448 304 167 308 35 293 348 96 209 157 91 360 68 417 210 143 310 61 457 209 246 31 144 468 272 17 89 137 64 127 170 396 321 164 74 490 329 451 156 469 239 186 183 352 322 360 127 131 139 437 118 363 51 66 387 450 151 95 5 136 400 307 309 125 373 149 384 162 188 13 360 282 169 63 316 230 266 423 356 72 409 321 396 400 364 491 397 201 499 497 359 44 246 377 106 
397 424 98 117 224 359 139 183 45 92 169 464 9 18 198 180 102 92 332 130 365 178 138 193 18 117 226 202 11 266 359 224 400 155 320 312 227 138 85 497 199 197 388 58 211 20 305 438 123 160 376 104 209 265 425 469 284 385 480 449 268 387 40 54 9 477 147 87 348 92 110 12 186 46 409 110 444 487 223 433 203 414 348 108 459 377 111 49 43 449 174 135 169 75 466 489 253 200 120 310 496 283 17 283 60 321 109 11 443 26 185 164 327 441 447 485 417 326 165 24 191 320 493 
88 418 127 470 158 69 76 54 173 108 75 399 426 175 460 21 431 25 217 212 321 100 212 208 210 397 108 462 428 8 184 231 321 189 427 290 427 265 217 105 399 379 46 80 451 481 403 351 60 115 282 198 484 63 431 210 132 47 223 27 376 342 314 96 251 140 91 281 10 363 145 468 491 497 405 419 30 238 392 247 147 437 245 375 244 260 409 436 250 225 167 495 266 414 430 341 164 66 478 107 407 162 349 274 461 363 43 5 490 10 367 290 406 460 288 491 129 270 186 483 183 329 
137 241 13 402 324 123 132 419 107 74 212 23 141 252 466 14 26 136 315 21 134 495 273 20 448 463 141 59 99 71 289 314 338 288 104 442 338 252 378 272 66 15 447 497 96 450 383 387 99 244 462 436 373 314 484 67 53 172 115 105 371 307 132 39 432 27 169 277 359 48 455 374 349 263 18 305 141 348 115 324 445 68 339 425 185 235 212 241 479 15 149 454 377 464 186 217 139 110 24 468 194 351 61 400 375 405 381 367 150 77 108 379 238 396 218 426 181 324 268 211 299 
46 291 133 316 226 489 89 477 40 420 287 358 344 42 29 357 176 350 247 121 183 439 196 453 175 345 442 6 51 350 183 363 248 68 252 325 172 99 44 477 388 356 416 52 240 224 106 22 156 231 153 441 36 479 165 243 82 50 245 184 397 474 295 53 219 155 104 362 103 408 31 103 341 157 96 459 67 75 250 147 366 91 384 453 232 291 444 389 405 106 394 211 191 301 417 312 263 352 33 468 221 72 165 313 353 123 439 397 39 56 435 76 78 21 279 6 50 221 167 234 
70 202 184 433 4 405 276 299 220 290 303 197 47 145 416 463 381 85 448 219 63 45 329 290 483 327 37 36 258 304 337 198 225 126 253 196 392 80 196 348 141 167 96 349 19 293 366 348 180 109 248 251 0 310 428 405 413 277 97 244 62 201 213 328 454 382 189 105 220 227 11 179 337 294 248 448 273 180 301 203 146 343 366 194 460 294 367 230 253 249 251 219 211 305 262 196 185 354 282 33 467 378 72 72 126 117 31 118 219 167 141 326 398 3 80 303 12 68 353 
80 238 153 312 320 149 5 116 9 257 15 60 90 48 72 439 490 110 498 413 416 232 477 477 459 277 196 156 383 164 331 75 400 457 143 16 468 331 100 248 306 463 362 12 98 162 214 387 252 383 335 177 444 324 176 185 160 171 319 406 404 123 72 385 46 117 435 276 390 148 312 339 283 72 75 323 399 378 273 466 454 396 164 352 307 389 145 476 376 201 168 1 384 257 402 107 439 302 287 424 309 143 245 167 295 114 131 135 70 65 324 9 386 150 373 203 494 330 
26 220 71 223 422 235 29 407 487 454 221 154 83 385 484 5 256 300 123 357 243 285 226 164 251 226 439 81 69 51 398 219 168 75 11 176 405 197 154 454 172 408 461 191 222 477 393 300 436 69 52 325 336 150 148 219 110 367 44 273 296 53 381 47 319 138 52 259 382 56 148 34 87 52 197 499 183 154 151 258 84 166 367 82 413 15 83 208 481 371 229 145 394 184 92 472 493 90 455 137 344 300 110 155 272 448 178 162 499 305 432 438 394 472 471 142 349 
78 425 205 170 70 204 55 308 257 391 438 490 434 95 388 413 278 475 5 232 376 73 361 292 153 88 362 70 15 319 339 476 156 270 55 216 182 115 317 240 134 156 361 476 235 308 37 210 205 186 4 381 25 358 104 26 214 452 437 444 301 281 338 257 142 336 274 437 394 357 411 137 343 123 339 244 114 109 492 64 267 264 211 58 230 399 437 374 433 83 203 326 306 271 212 342 191 157 60 327 395 256 43 91 452 487 467 11 196 78 232 474 334 172 465 498 
79 454 496 114 309 61 311 373 344 363 25 261 0 380 311 137 71 368 228 475 245 347 92 166 289 369 224 125 34 443 470 158 14 399 98 246 398 101 400 487 429 496 206 342 272 105 376 487 435 334 311 239 304 89 9 203 94 281 34 348 191 273 57 146 359 296 329 391 339 55 266 376 226 83 95 177 323 86 110 188 380 73 397 146 14 134 462 246 423 24 370 307 477 110 6 378 69 23 164 483 131 7 305 28 429 493 371 24 58 271 117 209 247 268 474 
247 241 2 38 318 320 166 284 445 105 256 360 272 425 146 193 95 169 174 284 455 296 439 243 181 272 212 144 323 468 163 216 362 250 488 339 474 40 47 297 215 429 422 237 273 496 24 280 45 78 428 184 321 237 396 265 319 239 341 463 234 252 120 28 195 204 189 126 127 48 62 261 254 424 66 164 418 160 133 469 205 464 122 380 10 88 254 122 335 203 58 306 321 429 234 397 342 29 174 285 133 211 246 172 52 308 105 196 464 246 137 363 349 230 
448 434 107 267 309 191 142 9 173 318 352 3 21 350 312 365 106 211 49 348 247 80 162 174 287 460 87 335 212 224 49 492 79 206 75 85 140 404 487 151 356 217 65 37 324 84 456 428 162 366 229 174 385 68 410 177 177 221 91 46 302 264 413 230 31 14 147 80 344 344 204 364 85 139 244 482 161 330 299 399 174 310 156 141 497 170 168 355 90 10 288 114 492 238 257 68 268 42 255 90 177 351 151 83 311 105 58 165 270 245 28 144 56 
317 460 144 86 200 362 258 41 59 430 352 356 48 224 190 422 423 311 483 26 384 99 44 72 160 236 381 43 284 206 115 410 92 254 51 382 50 354 38 13 192 305 169 125 9 485 41 291 152 11 497 95 105 481 70 29 232 171 366 470 277 180 40 488 120 390 329 492 279 95 365 168 304 462 154 258 149 412 91 228 372 382 82 74 287 239 389 76 82 0 52 453 432 182 124 461 287 256 67 448 391 297 162 499 247 116 178 20 349 221 280 6 
493 158 232 348 22 121 17 414 27 241 80 134 223 148 373 115 9 171 249 321 397 352 102 338 326 151 374 216 285 476 125 351 349 481 469 151 386 356 438 228 450 340 181 141 261 94 499 351 347 457 297 426 126 102 16 412 472 237 286 497 283 92 442 147 383 7 227 279 238 389 16 53 228 362 339 166 498 345 10 369 20 303 217 339 474 428 481 436 147 380 187 37 233 424 103 477 142 482 327 295 370 293 433 17 172 306 282 191 60 347 92 
197 449 401 443 112 414 365 392 472 290 479 496 226 53 433 388 376 126 247 180 67 125 212 202 15 186 87 265 82 429 325 226 191 283 131 213 126 169 115 200 40 116 126 308 268 363 357 132 482 16 351 328 295 205 347 375 429 117 141 16 222 336 253 174 113 4 299 207 235 418 81 233 257 139 58 482 376 43 398 488 44 269 366 334 472 172 184 91 110 442 36 395 228 239 77 399 463 201 66 352 153 320 76 159 413 214 456 159 192 460 
441 190 358 158 210 40 375 388 80 192 46 322 414 398 496 101 135 323 36 133 410 62 274 196 253 371 49 252 145 439 297 373 123 372 2 278 126 489 84 404 114 279 226 291 135 70 326 245 167 137 380 252 265 439 463 56 61 226 90 48 446 432 0 314 352 424 248 398 41 317 347 128 181 382 60 310 16 69 10 307 455 73 277 80 373 335 326 177 330 188 246 332 377 174 379 191 360 250 223 40 373 288 148 450 242 180 277 446 443 
372 150 386 420 263 350 258 414 329 288 256 252 175 68 83 484 17 299 83 36 125 147 321 38 206 316 490 14 257 418 71 492 262 94 395 163 290 119 342 202 211 225 93 480 350 363 408 195 403 57 405 289 348 51 269 226 351 442 458 372 176 66 267 414 280 158 257 285 32 414 323 63 294 350 34 148 72 319 255 366 251 322 179 17 184 108 285 347 442 81 334 333 455 21 203 159 361 178 33 264 334 80 417 202 137 30 176 470 
51 51 171 424 271 477 349 258 342 404 300 133 486 436 155 354 256 428 260 324 336 48 30 401 119 128 376 349 120 58 404 428 86 461 7 59 397 120 329 295 414 359 363 59 217 478 111 422 213 203 143 96 485 332 293 417 476 153 329 480 437 411 377 218 314 162 50 32 399 146 163 329 391 357 293 78 242 407 23 439 124 42 63 242 296 164 443 205 173 60 274 138 468 160 154 160 51 484 127 35 201 417 315 340 152 341 19 
297 34 330 317 276 46 409 263 203 3 442 359 331 459 395 444 347 72 298 396 198 268 239 279 457 58 308 147 406 347 96 355 37 235 71 443 314 165 348 215 237 76 140 266 356 72 15 66 7 166 313 123 441 436 146 290 53 484 27 85 237 437 180 330 185 308 481 262 329 454 199 175 496 305 318 439 379 96 147 221 365 118 97 166 406 453 497 244 18 410 192 135 355 85 274 415 404 422 348 106 101 447 219 427 50 179 
122 491 51 271 324 52 356 423 410 306 322 261 352 19 408 284 356 351 394 425 288 53 280 321 4 367 476 492 55 470 222 296 331 147 472 341 164 411 176 409 100 431 379 107 208 318 345 85 412 453 393 69 2 26 155 48 86 150 261 207 338 115 122 64 199 405 166 459 16 473 331 324 471 63 314 182 95 435 87 298 217 492 247 451 399 315 245 369 369 183 251 45 126 12 365 145 126 368 194 293 166 375 89 370 169 
280 463 105 416 91 335 283 70 362 26 477 210 395 52 355 164 289 286 39 453 146 138 296 224 488 298 368 137 118 323 463 427 145 248 98 37 340 17 156 262 21 216 149 442 18 61 81 452 230 467 223 359 460 441 358 56 146 169 272 54 105 274 213 173 202 392 240 288 195 212 144 90 263 470 200 248 213 8 298 434 112 373 446 239 322 147 61 149 304 360 379 247 319 148 351 479 122 78 189 43 169 248 112 228 
389 202 470 299 255 217 10 41 161 267 117 219 397 36 468 30 321 1 338 405 66 245 177 242 30 393 402 335 451 213 455 28 169 303 135 472 20 382 423 468 332 19 117 497 134 175 360 273 198 182 491 247 20 318 402 455 238 421 473 365 303 78 12 145 486 17 124 224 384 129 333 277 82 264 427 491 123 94 348 487 93 79 412 43 366 358 228 274 392 9 491 394 379 484 457 345 90 82 76 40 362 104 28 
359 415 433 487 381 67 344 231 474 5 341 362 285 377 135 236 118 44 60 361 30 167 145 487 493 217 330 110 291 106 119 375 78 410 336 302 389 182 355 315 139 46 13 469 285 370 162 455 124 64 248 478 87 294 373 449 362 121 460 498 172 170 342 212 190 338 197 51 449 55 242 162 204 192 101 233 402 64 269 159 1 229 194 338 12 61 248 305 106 159 346 354 315 296 263 391 204 235 377 159 433 135 
86 403 193 279 363 259 97 261 457 225 234 225 332 383 26 261 98 479 180 421 313 442 37 394 188 169 190 90 494 132 135 419 119 313 414 481 135 322 397 471 375 370 490 94 15 357 25 396 194 119 103 491 357 211 377 450 412 390 246 138 392 375 493 207 104 253 471 307 197 86 92 247 2 178 4 168 304 233 190 290 80 132 413 71 34 232 390 403 228 318 220 430 177 141 396 326 309 288 93 284 44 
264 461 55 422 210 216 4 440 112 55 444 158 132 459 49 54 348 150 189 325 376 325 363 238 149 116 187 301 197 475 130 172 408 443 7 308 441 239 43 27 426 341 297 384 306 310 482 167 106 5 275 330 380 231 187 370 492 76 335 129 191 211 217 88 462 362 26 282 171 49 442 409 280 93 129 299 128 33 150 62 280 24 34 315 342 185 352 281 297 227 77 50 289 430 262 192 488 183 182 455 
32 162 415 245 464 162 182 458 497 88 296 29 310 393 253 426 24 485 107 186 215 478 151 460 329 411 360 386 468 41 342 72 481 173 97 271 149 224 220 324 193 485 480 464 198 489 394 285 195 338 135 313 158 122 64 415 456 404 237 31 195 136 50 128 375 29 405 434 24 244 333 156 98 207 129 193 214 238 145 67 26 157 22 479 205 446 419 460 216 492 407 319 322 151 93 420 405 412 69 
375 199 81 112 270 181 376 25 328 156 124 272 185 336 53 283 11 24 127 303 346 66 364 467 388 422 35 205 148 225 68 149 231 257 183 211 101 422 15 7 238 160 214 76 444 231 161 130 355 77 283 331 118 257 209 169 391 489 180 204 350 289 52 37 41 388 465 372 225 40 11 183 165 289 55 1 162 498 76 203 258 247 108 426 432 330 183 51 290 389 131 147 211 305 3 301 376 231 
168 498 37 3 387 179 452 434 137 218 382 78 260 310 318 382 89 124 211 247 132 226 359 327 286 249 334 310 467 314 384 302 287 478 25 468 359 412 334 330 110 446 247 296 31 237 221 196 304 259 276 110 7 106 462 2 16 260 113 50 492 321 351 455 86 332 274 316 377 313 24 239 114 158 127 259 144 392 0 346 262 238 415 55 390 487 491 273 405 57 441 158 418 385 290 13 439 
360 319 247 379 15 414 363 353 342 471 335 283 387 360 252 37 303 4 147 190 403 17 307 113 203 52 409 120 105 98 196 178 356 139 28 412 486 342 358 339 356 313 401 89 125 104 279 23 423 54 189 226 447 240 95 208 267 447 8 60 482 437 459 66 297 377 50 479 288 28 358 71 66 61 98 421 386 43 113 401 366 490 478 242 434 154 228 206 263 39 216 479 411 220 150 103 
376 393 333 197 246 325 348 425 36 465 145 391 445 402 193 276 346 402 0 385 58 253 125 374 332 395 419 171 248 131 322 409 378 480 62 26 165 370 377 386 373 138 339 76 473 471 101 454 449 342 232 146 452 376 107 428 98 99 218 437 277 426 29 27 389 81 50 172 225 89 466 41 270 300 246 406 161 469 186 387 193 34 384 176 28 262 49 94 176 99 253 267 5 425 12 
254 477 138 246 437 382 378 259 196 19 0 417 64 454 66 87 254 205 161 448 61 198 98 162 141 267 345 361 402 164 105 8 273 48 298 73 157 172 485 133 110 59 128 47 334 216 310 151 135 384 375 267 256 19 247 298 269 349 417 202 95 33 457 78 315 93 420 363 200 31 267 350 94 251 29 449 188 133 420 302 282 230 158 272 465 274 419 310 132 29 47 228 331 366 
432 110 250 25 242 187 268 367 316 489 128 198 366 129 133 216 380 263 182 362 374 398 303 357 419 166 1 427 144 495 78 182 20 263 443 222 167 46 405 432 207 86 73 387 425 318 8 57 240 258 366 105 436 441 195 297 173 149 496 220 310 62 463 321 446 29 427 266 445 52 216 382 402 114 489 421 86 23 409 491 100 441 50 205 324 40 283 156 32 442 391 21 234 
406 37 455 367 367 277 352 345 279 21 387 140 458 476 82 393 296 17 59 147 349 488 70 97 429 375 125 338 33 373 384 337 283 254 11 239 238 89 15 340 369 93 411 274 162 274 161 338 38 288 464 152 2 349 167 474 26 56 378 398 284 129 335 151 54 45 313 330 187 272 269 225 229 264 207 58 477 46 117 461 458 380 253 226 466 382 0 251 69 266 277 148 
469 429 27 313 207 173 155 376 464 204 294 451 458 313 192 398 285 386 320 273 428 81 184 289 157 340 418 244 289 238 260 14 30 441 29 57 91 291 258 2 257 113 19 219 430 486 136 155 85 474 144 456 155 170 163 52 86 114 0 314 70 170 422 352 480 100 304 24 446 242 388 245 125 471 111 278 64 50 178 93 224 379 120 158 328 441 119 115 370 244 235 
339 106 256 135 266 286 82 323 210 440 194 487 323 218 348 79 109 26 416 10 128 108 60 444 143 127 259 205 103 118 256 415 132 146 146 382 6 465 151 328 293 460 221 143 97 463 65 452 370 260 461 272 68 59 55 26 463 24 312 315 400 140 60 175 229 307 463 67 235 272 41 291 334 294 347 32 63 383 159 419 155 222 309 134 270 362 205 374 407 269 
305 102 307 432 319 233 177 481 29 334 301 160 26 275 325 135 94 492 463 437 137 66 396 194 428 59 396 400 355 447 240 1 383 450 119 268 214 103 98 444 297 167 60 268 202 152 355 100 444 192 444 429 131 179 257 97 245 147 463 366 148 139 134 305 194 189 233 400 318 107 165 227 318 283 136 5 104 90 161 430 35 63 358 401 270 444 50 149 198 
395 241 107 366 481 351 281 217 195 335 5 379 178 396 33 76 379 406 192 58 380 64 413 341 121 251 449 85 46 45 202 437 76 208 250 484 287 320 77 463 34 273 57 356 75 458 482 412 9 105 65 89 228 312 263 441 48 67 463 429 208 468 43 45 334 219 54 288 316 242 230 319 132 199 457 131 302 443 396 153 93 464 238 209 149 327 25 192 
429 432 283 256 297 299 362 464 168 442 378 466 134 28 352 418 450 433 93 287 116 339 484 109 275 10 95 102 343 211 459 156 337 267 240 462 232 126 63 198 317 154 279 105 281 261 411 192 116 70 244 151 300 198 174 182 216 54 170 8 182 442 130 489 378 431 255 340 496 159 288 85 351 343 438 93 324 186 175 368 229 121 320 404 152 471 432 
346 498 140 153 51 291 401 349 300 365 303 355 235 423 467 204 321 256 336 427 248 393 446 174 136 377 449 182 101 325 316 334 103 288 130 27 145 310 474 118 213 167 475 105 407 233 315 93 64 244 5 161 329 80 447 16 44 163 63 236 447 340 486 318 284 119 23 353 429 475 140 351 260 439 375 454 279 194 414 477 236 25 79 397 185 411 
329 136 222 15 493 282 33 369 255 279 414 3 105 400 464 366 464 19 493 267 329 386 8 268 275 394 315 187 28 333 22 496 401 235 140 471 269 215 68 476 54 458 56 58 200 322 353 304 346 50 420 57 30 398 72 254 327 202 60 376 209 373 362 63 175 291 389 450 338 306 5 400 472 91 20 446 168 297 63 438 459 79 141 159 249 
284 286 98 246 134 276 114 112 382 494 223 453 352 200 9 185 129 146 78 113 310 244 66 203 70 163 420 222 427 304 274 353 275 203 44 58 12 344 123 256 26 454 317 288 204 175 404 255 148 124 389 356 388 394 54 209 139 307 496 51 381 170 430 422 17 31 305 151 374 422 332 73 76 68 35 59 186 288 460 297 311 376 322 450 
363 304 337 68 165 302 444 430 133 137 422 305 452 100 18 394 318 271 88 374 355 344 216 373 105 133 213 320 7 467 251 342 328 361 221 255 74 386 142 327 171 141 10 356 451 165 89 189 358 175 258 315 303 137 419 337 352 117 483 363 476 214 289 134 212 337 92 89 72 67 207 444 289 236 91 89 317 231 202 341 311 344 350 
150 5 261 20 21 89 129 2 461 478 433 480 344 114 178 297 201 439 0 430 430 470 139 295 192 271 439 14 211 430 255 312 317 174 138 347 27 378 8 286 158 421 10 498 453 130 178 141 480 443 348 284 9 41 283 473 269 338 490 430 136 443 142 381 285 435 65 490 336 484 486 181 28 347 91 195 439 152 172 22 162 213 
336 414 491 120 70 339 350 479 485 23 5 117 256 106 165 63 295 287 328 481 492 429 34 53 164 198 293 442 86 25 121 35 486 190 148 389 1 366 143 312 484 278 413 124 342 310 274 405 29 485 440 128 369 182 2 7 100 121 374 333 376 99 473 252 250 8 323 109 260 38 146 8 326 340 243 2 352 27 463 260 1 
88 132 493 49 462 88 159 340 406 233 90 231 323 64 421 363 268 273 149 482 278 76 152 107 396 205 69 378 363 231 127 328 207 28 73 55 255 97 172 109 149 204 321 40 237 159 181 44 55 289 144 316 295 32 202 485 133 406 444 112 48 59 192 433 206 282 259 391 463 492 43 328 343 56 167 435 170 393 128 480 
287 377 444 213 22 145 457 25 240 398 313 476 292 154 340 227 41 218 284 305 361 379 52 304 187 476 121 354 41 54 160 92 243 137 218 245 23 391 262 192 115 312 210 178 210 29 393 107 102 404 62 254 71 79 62 366 427 4 1 17 272 332 168 367 93 179 7 300 82 348 1 280 246 339 182 309 413 484 292 
468 330 54 32 388 162 400 242 87 299 307 367 279 25 462 260 195 4 405 95 283 127 444 458 56 330 193 226 413 488 388 19 343 37 438 435 16 220 136 344 352 214 491 415 373 409 447 54 21 76 140 127 328 464 50 18 108 385 425 233 340 389 152 61 252 243 99 137 275 231 54 288 64 41 349 97 461 91 
40 48 119 370 40 302 170 158 64 442 242 386 169 215 345 464 93 163 402 173 143 50 101 165 337 53 441 239 284 52 471 114 240 434 373 445 160 6 288 463 356 284 279 274 370 3 323 99 154 261 472 308 259 4 360 430 313 204 251 190 230 486 80 347 135 278 184 28 106 220 221 289 456 272 390 294 232 
2 361 67 497 455 471 287 117 17 115 470 245 473 309 16 425 415 452 307 299 487 440 164 40 405 230 276 214 219 45 314 468 356 293 127 469 341 356 49 109 116 19 31 31 387 242 203 211 263 17 409 496 495 208 394 424 174 167 281 423 5 249 103 481 165 256 450 9 67 90 222 56 335 100 321 201 
333 123 470 55 338 229 395 41 497 476 138 366 435 288 206 69 425 133 235 126 67 140 182 92 469 468 201 66 110 49 352 442 165 300 209 195 10 299 310 298 197 176 76 325 390 12 405 441 244 343 50 91 2 4 171 114 4 88 179 66 486 83 408 394 431 224 259 42 448 389 342 455 3 445 366 
2 20 24 463 209 84 163 245 82 37 203 82 159 28 20 197 393 65 127 187 194 54 37 281 403 387 79 95 317 52 84 226 204 58 377 334 249 464 319 10 407 106 345 354 85 277 256 259 118 498 370 435 243 494 466 114 437 346 351 417 327 232 236 28 71 248 113 262 492 251 46 418 30 454 
209 152 113 479 470 208 42 367 317 397 369 407 0 283 372 464 29 437 213 280 192 44 360 120 447 107 198 466 123 12 351 278 289 372 203 86 487 49 148 263 363 458 129 167 263 295 210 223 168 49 293 66 242 284 232 461 439 239 236 374 30 67 28 235 299 278 178 77 218 492 409 43 3 
355 216 140 310 438 191 453 36 328 121 411 432 302 356 4 289 444 63 444 162 459 338 150 47 451 318 134 11 245 436 465 131 383 286 429 456 12 283 270 92 180 440 196 73 219 198 114 423 175 211 387 287 262 359 389 359 189 3 58 339 191 386 133 384 138 322 462 246 358 352 122 399 
445 338 476 288 363 345 340 0 205 124 235 190 277 388 405 310 488 370 325 335 179 135 148 114 198 95 209 432 7 115 304 452 259 148 173 296 435 79 229 227 71 398 37 183 354 420 186 170 250 360 342 456 442 182 295 72 306 282 139 284 433 498 488 247 11 52 114 322 271 333 403 
489 253 470 463 63 225 410 306 331 324 101 64 196 98 216 222 467 308 388 121 422 93 129 408 206 351 147 425 21 205 143 36 352 393 466 47 131 425 58 144 83 35 453 265 433 171 348 96 442 184 318 487 180 386 311 401 113 247 322 260 245 274 290 456 444 404 197 102 297 225 
184 146 481 427 333 350 129 174 433 152 114 188 443 148 475 363 389 62 99 263 77 136 426 172 382 106 454 44 9 341 88 27 254 318 244 442 50 92 466 106 481 162 94 179 300 254 253 362 205 354 158 319 110 82 389 157 442 176 94 26 402 343 258 475 103 396 208 387 164 
53 267 169 465 251 217 205 411 175 376 45 194 366 486 38 192 75 81 249 42 126 161 152 2 442 496 150 103 429 118 311 475 359 138 471 269 373 254 410 71 139 57 36 74 355 242 237 15 142 300 84 151 136 459 128 298 361 324 373 77 384 115 181 173 480 244 178 78 
155 241 96 372 233 6 112 87 446 147 240 487 267 215 420 102 288 297 6 139 339 17 367 482 181 46 446 77 218 139 488 237 196 72 246 345 15 336 203 42 379 108 12 409 249 14 79 149 157 105 247 273 253 367 218 215 57 79 277 71 160 255 468 460 176 192 287 
27 178 64 85 259 231 373 469 336 356 236 401 114 421 433 327 245 239 299 235 155 30 293 498 469 76 156 101 461 327 156 235 63 10 467 71 291 396 62 84 253 255 190 378 405 408 162 106 372 441 295 151 81 19 115 97 36 307 396 325 129 413 72 217 249 104 
166 68 395 75 378 484 295 118 496 19 343 83 428 437 488 206 237 46 401 230 428 375 92 15 447 26 171 476 374 444 449 222 48 227 299 178 19 423 169 98 149 273 120 346 116 53 377 237 22 291 313 440 280 216 416 376 367 315 407 357 427 191 304 374 202 
350 318 338 201 286 44 40 411 65 208 214 7 128 497 441 199 118 454 103 81 454 58 287 296 353 433 236 321 38 261 165 479 56 229 474 322 256 47 243 61 167 107 283 177 281 225 44 261 241 68 90 153 214 146 197 239 10 473 294 157 195 275 456 222 
22 431 409 483 301 241 277 12 38 409 379 424 264 200 309 411 161 482 58 179 265 244 440 278 214 57 218 448 168 470 260 389 183 433 473 340 407 195 0 351 336 215 204 491 149 44 90 396 222 482 350 282 209 267 66 472 425 466 103 87 399 457 394 
145 46 209 365 186 253 229 90 246 436 256 266 34 24 448 238 266 344 58 355 274 329 449 44 421 319 370 151 197 304 352 167 59 477 396 432 133 367 195 329 70 123 460 362 348 252 353 27 426 209 119 268 349 114 477 121 287 174 256 434 201 141 
45 95 336 153 253 459 318 16 209 27 437 436 444 39 301 135 430 114 257 259 359 141 54 489 251 208 193 412 11 116 228 312 274 192 385 310 148 264 177 111 312 264 145 420 55 376 482 425 493 121 419 329 163 85 438 417 350 76 144 323 497 
84 4 498 235 479 444 125 207 140 268 320 445 135 106 439 223 361 332 283 142 320 341 408 275 184 344 4 121 365 17 54 233 208 287 4 58 238 391 143 309 296 385 200 34 141 89 308 48 317 92 296 370 88 410 47 54 395 190 406 450 
128 430 291 445 267 230 330 468 289 362 438 77 269 294 251 141 147 63 269 469 267 157 34 274 369 165 272 465 165 285 10 110 70 374 196 308 349 187 305 236 46 306 70 232 334 48 199 402 54 246 269 342 48 429 287 18 134 367 16 
23 91 355 420 490 342 109 229 190 472 393 160 3 344 53 55 75 240 199 131 217 261 325 143 53 22 194 155 418 136 345 280 493 126 162 486 440 137 454 460 410 427 323 14 281 234 135 7 196 223 98 413 294 262 82 352 257 251 
422 346 368 213 476 228 148 232 169 44 343 401 384 37 210 13 395 44 294 206 107 73 90 60 134 265 337 24 460 421 120 140 79 493 445 230 145 120 469 363 317 259 26 18 275 468 398 91 207 220 444 138 28 449 325 131 198 
207 52 189 18 474 444 206 57 259 156 272 399 351 378 126 187 139 196 60 239 83 405 6 319 4 207 342 5 365 250 108 232 148 301 250 386 140 363 226 451 451 477 244 321 279 282 430 273 219 255 307 87 416 285 254 494 
409 21 436 259 405 132 220 410 388 402 159 126 453 291 49 94 317 318 132 314 395 368 377 401 449 114 241 104 130 322 30 426 86 217 294 184 133 8 53 93 339 258 177 368 278 239 210 292 137 249 181 448 361 418 216 
269 454 353 79 468 267 456 366 159 384 43 279 368 339 217 472 94 289 121 74 135 334 269 256 385 153 441 442 270 481 407 271 260 51 483 126 466 190 97 287 14 452 376 40 271 308 272 130 375 199 320 256 245 30 
233 210 42 424 67 363 360 120 242 247 175 263 445 8 217 58 473 430 167 323 282 22 299 352 486 67 237 181 192 90 222 140 12 435 56 445 364 452 81 459 221 368 482 71 395 388 23 31 413 440 313 18 359 
31 40 184 155 438 226 334 231 496 292 411 36 2 367 349 214 159 26 232 69 393 257 353 400 399 208 390 378 268 145 382 7 271 213 362 138 377 52 377 395 222 70 301 259 228 275 50 48 484 112 75 246 
300 480 359 77 62 178 151 230 245 441 91 236 423 69 15 407 76 71 16 390 57 246 427 78 393 52 231 82 1 92 131 296 205 14 256 334 306 62 381 452 56 395 424 353 218 262 315 211 184 290 298 
435 98 365 327 107 460 466 288 77 212 396 17 471 126 412 39 208 246 97 295 382 401 397 391 264 8 91 21 112 205 304 104 247 328 271 293 80 297 35 139 1 52 380 36 343 317 211 161 251 285 
495 182 377 282 82 429 361 492 278 493 346 365 126 52 393 100 176 11 234 146 56 363 257 13 457 375 172 204 2 55 82 315 307 127 32 254 244 146 342 44 187 230 438 137 99 463 379 421 339 
453 248 365 214 141 78 196 405 292 45 454 150 78 14 225 418 220 235 28 469 288 369 116 132 372 117 327 144 115 135 146 160 192 361 446 0 200 77 451 146 33 356 46 386 64 119 457 461 
251 136 472 60 239 293 453 470 61 345 472 450 204 277 175 128 290 273 195 228 345 353 335 37 224 156 340 40 127 28 150 133 52 37 149 399 377 133 235 170 114 179 106 109 299 436 114 
328 265 8 270 207 34 400 304 90 405 307 4 422 47 382 128 230 64 244 363 219 128 2 47 115 237 248 299 50 333 73 487 250 42 387 434 432 394 477 440 447 132 323 222 429 458 
148 163 220 16 134 90 359 367 170 211 160 455 52 138 399 431 437 81 202 367 395 282 256 394 465 111 448 369 390 410 83 23 228 167 294 96 42 257 147 237 233 2 80 364 472 
152 176 357 101 305 129 326 315 195 300 375 285 335 34 469 321 99 450 305 429 438 435 494 4 196 34 412 207 181 219 361 395 342 138 26 202 444 254 201 416 399 383 244 180 
249 232 379 435 72 26 232 387 110 443 157 443 104 477 84 294 449 407 453 494 267 108 333 234 445 469 409 153 367 139 6 215 181 412 94 441 444 178 21 145 422 190 431 
410 31 391 433 424 217 67 238 432 92 343 445 260 17 73 260 472 103 246 277 174 449 138 308 195 474 337 128 39 455 225 411 14 403 13 158 44 64 468 223 203 351 
271 280 264 215 338 50 451 114 492 4 436 278 216 401 232 342 394 284 181 302 440 122 54 44 52 272 467 434 108 491 67 383 430 240 486 7 425 309 245 57 372 
324 337 242 359 227 1 229 259 396 352 334 403 210 417 328 286 84 50 58 406 51 323 167 86 170 456 78 327 247 490 318 369 332 220 114 360 217 432 84 270 
257 396 109 257 43 301 459 266 439 450 81 249 431 433 80 200 300 155 17 254 230 388 53 219 93 482 24 479 418 444 176 457 495 170 254 205 391 441 38 
495 45 435 395 255 96 314 76 25 367 45 24 128 149 245 106 101 301 291 430 491 86 189 118 279 37 129 85 293 145 278 82 416 229 214 184 84 428 
285 237 348 28 209 242 192 27 314 124 494 168 392 206 0 365 418 416 346 465 192 22 64 470 335 359 203 129 357 159 430 347 362 356 463 391 460 
138 479 330 212 280 195 125 10 132 36 407 203 487 83 217 44 231 248 412 474 171 49 104 96 179 334 162 349 435 357 80 224 147 177 215 224 
468 263 208 466 228 171 462 65 204 63 112 153 131 218 136 94 108 281 479 224 277 233 312 467 107 325 276 242 47 418 274 29 36 418 170 
102 160 28 69 7 467 172 460 276 452 107 153 151 286 490 318 246 285 350 243 3 29 169 244 268 425 419 197 378 259 176 473 104 443 
131 68 94 171 182 349 236 25 180 3 421 198 109 290 144 293 479 8 197 406 461 243 401 396 262 415 227 417 83 344 414 74 205 
58 329 7 4 303 328 39 456 372 25 195 457 152 354 230 149 174 54 7 149 215 188 113 363 106 383 83 420 392 113 4 479 
174 298 398 279 122 413 12 250 256 246 120 295 185 214 45 129 69 124 373 238 456 265 80 355 265 380 362 129 354 170 485 
269 21 61 398 349 254 273 393 225 291 104 274 363 137 111 442 382 289 53 8 455 1 57 112 237 340 268 145 160 65 
29 318 14 38 216 324 260 53 54 290 405 394 489 452 4 11 409 27 18 181 417 458 314 263 326 244 328 483 67 
81 468 218 183 126 314 249 193 434 64 65 473 356 338 152 109 9 222 250 133 44 61 450 491 261 259 302 226 
316 236 331 355 181 36 368 84 173 303 54 479 229 463 383 155 91 414 332 125 435 207 129 146 80 148 65 
173 192 469 200 365 428 450 451 188 268 486 40 184 417 136 254 165 464 23 489 147 263 498 321 373 300 
51 144 58 342 360 39 121 67 393 333 5 289 481 125 286 323 74 26 410 434 435 481 245 433 433 
215 341 40 120 156 470 297 436 208 247 475 300 10 357 439 168 492 496 67 317 125 213 84 270 
425 163 197 486 301 57 497 212 120 408 359 430 100 38 25 185 58 38 25 31 37 393 488 
374 88 432 443 184 262 137 422 42 143 387 50 392 322 11 39 464 419 436 398 458 273 
382 320 199 54 305 335 170 343 155 404 58 169 52 270 322 199 237 4 131 364 314 
371 93 296 47 141 390 417 316 393 303 148 78 248 278 0 12 328 366 131 409 
364 297 369 465 356 399 46 307 475 27 424 155 240 181 21 459 475 58 191 
179 466 445 29 298 265 19 135 72 387 390 326 120 29 178 423 427 235 
392 129 138 252 164 54 34 368 372 215 220 365 378 90 150 429 426 
135 400 311 88 4 101 419 418 407 143 426 32 441 222 11 387 
173 64 396 33 304 312 38 7 416 410 473 435 242 134 399 
467 199 173 441 40 260 182 400 159 122 402 167 200 337 
182 86 489 342 182 125 208 357 181 214 470 38 331 
243 471 65 242 162 152 235 155 411 14 382 433 
323 145 444 342 489 162 148 2 353 105 284 
109 286 248 86 135 42 128 141 245 474 
249 379 414 100 221 32 237 418 488 
150 392 461 240 157 309 410 129 
171 369 209 107 430 161 132 
327 114 148 471 208 181 
135 388 479 447 155 
344 266 314 98 
87 32 197 
221 164 
13 

