7
1 0 1 0 1 0 1 0 1 1 0 0 0 1 1 0 0 1 1 1 1 1 0 0 0 1 0 1 1 0 1 0 0 0 1 0 1 0 0 0 0 1 1 0 0 1 0 0 0 1 1 0 0 1 0 0 0 0 0 0 0 1 1 1 1 1 0 0 0 1 0 0 1 0 0 1 0 1 1 0 0 1 0 0 1 0 1 1 0 0 1 1 1 1 1 1 0 0 1 1 0 0 0 0 1 0 0 1 1 0 1 0 1 1 0 0 1 1 0 1 0 1 0 1 0 1 1 1 
21919 20612 25090 36550 50466 9331 57985 27697 8241 57933 22248 54953 10364 50140 55672 29598 54873 55114 17745 6991 10625 30691 61358 45583 39778 22958 22420 58689 23402 30050 35695 21038 20463 41927 17972 31383 1307 8950 38663 18215 34863 53477 33455 46723 17859 18618 35265 44727 27548 41038 36026 42074 44366 49935 24078 20052 61350 51044 61673 4800 34284 12581 11056 49647 22537 7937 37395 31657 8000 58300 15987 59249 41693 13542 47853 32082 45804 2565 11117 6150 55748 14016 19251 42408 27472 32163 1048 40013 52297 4523 31575 48949 16539 8061 39627 51145 22868 55836 40164 46317 15701 24179 4148 60116 41235 55253 4073 7476 1052 4888 45595 45407 39504 7199 42937 25602 1405 35913 7734 52384 3441 62445 25356 44409 35082 20985 34859 32770 
402 271 376 378 253 449 89 317 460 47 288 211 436 95 174 428 206 265 183 189 49 460 266 360 105 45 282 91 153 349 83 312 367 29 84 188 328 393 63 357 331 124 369 419 23 315 104 23 491 465 497 342 337 433 495 352 471 468 287 250 441 473 84 226 298 4 94 455 340 323 127 107 342 404 424 81 99 288 255 493 344 301 130 493 448 324 388 466 402 291 345 493 138 219 233 387 298 154 183 119 101 480 353 92 123 354 443 340 82 68 367 212 453 124 188 309 352 485 326 454 157 67 441 10 296 417 393 
152 396 112 245 427 99 397 293 225 103 100 366 315 480 187 322 30 479 178 425 299 240 122 30 459 464 464 164 349 64 28 126 204 148 475 193 468 290 32 231 201 217 478 61 397 429 380 229 142 386 369 128 96 72 141 489 21 401 289 396 79 58 82 206 95 60 170 422 422 137 360 341 99 107 34 15 375 76 162 437 17 457 385 145 66 394 494 206 117 42 298 440 449 95 428 365 361 256 250 411 257 427 191 176 120 445 354 484 410 299 83 459 433 413 488 242 146 71 173 428 336 119 401 481 163 347 
477 277 155 14 124 266 451 246 459 131 139 327 336 85 294 229 482 80 320 53 399 142 0 203 377 149 160 53 138 162 20 381 357 46 197 347 163 38 335 446 452 140 121 363 50 400 129 478 140 409 41 22 193 203 337 143 309 460 443 245 202 128 84 133 35 37 169 166 234 343 125 82 377 97 498 492 495 129 36 129 458 308 229 488 158 342 427 240 302 76 140 363 432 95 27 5 202 294 433 423 352 337 102 283 336 17 309 50 160 298 285 339 330 100 470 242 299 271 21 450 384 272 424 435 51 
419 125 113 167 357 22 124 145 333 174 256 78 199 39 377 496 361 58 172 323 97 140 24 160 368 169 458 255 283 381 77 200 47 134 68 15 129 277 447 305 226 221 181 468 210 198 241 273 105 350 491 367 224 10 376 76 172 75 13 257 293 131 164 217 332 460 69 92 294 251 265 400 407 133 49 340 361 218 316 41 389 418 133 305 430 356 469 296 292 264 491 151 59 96 441 475 171 465 213 397 234 185 324 172 371 452 180 369 237 423 345 171 215 11 153 278 434 417 463 273 207 251 252 177 
405 98 419 431 196 106 371 77 296 256 383 429 151 17 163 485 166 173 246 324 4 396 446 448 216 282 454 86 480 432 423 81 3 323 140 297 484 270 492 73 311 129 30 36 331 94 165 417 142 329 362 265 136 277 482 341 346 113 108 201 223 382 351 474 285 48 360 68 7 489 112 177 415 128 153 82 185 384 115 318 62 364 233 4 72 425 299 448 388 114 294 351 15 177 44 23 57 310 2 121 106 151 498 290 60 59 185 327 115 160 241 195 331 90 174 384 188 261 37 430 267 312 459 
118 234 372 323 161 367 450 457 245 288 34 421 472 101 379 41 193 387 313 288 131 443 164 147 252 35 286 435 234 46 329 30 194 348 111 250 125 16 18 149 149 444 294 467 73 106 91 144 193 176 83 411 173 123 244 143 71 305 191 324 274 191 439 33 76 157 167 344 435 490 244 95 108 227 158 237 404 68 375 1 32 60 470 232 414 179 65 64 133 132 174 9 302 27 487 362 169 8 323 384 271 32 75 266 252 120 466 249 231 196 473 200 163 380 242 98 320 433 254 3 458 417 
160 175 45 21 351 134 113 497 448 366 128 327 116 258 131 35 42 189 390 78 42 303 154 188 86 122 89 492 452 356 315 219 157 238 448 97 396 430 434 250 389 303 429 408 2 496 116 491 45 214 281 307 60 100 407 237 201 34 335 400 319 65 167 57 101 160 143 126 181 455 37 423 373 278 307 106 66 477 291 282 236 74 245 247 321 427 276 120 19 165 253 356 324 378 174 16 209 123 144 437 166 12 366 243 356 267 151 384 385 410 110 281 135 72 370 401 34 14 102 343 263 
462 421 69 290 411 112 211 110 309 248 29 26 307 94 203 347 28 409 6 326 189 374 280 214 395 384 8 455 276 338 158 413 199 423 203 256 31 6 346 46 374 189 231 277 283 178 178 195 206 310 357 231 367 417 144 259 97 316 63 268 199 261 324 225 5 24 292 461 22 345 391 114 454 140 337 17 296 372 462 23 287 347 230 33 336 90 304 253 48 142 203 189 85 468 23 451 49 442 110 40 50 33 62 385 287 113 478 188 29 113 75 55 21 409 401 385 290 469 194 25 
427 0 394 440 290 457 67 262 487 171 115 92 328 377 383 157 104 423 115 240 459 344 146 381 129 241 35 295 395 485 464 84 308 345 83 307 144 82 287 419 479 199 20 174 366 61 265 358 58 307 306 203 254 120 222 37 237 243 23 5 215 150 7 84 134 406 128 55 408 169 241 148 221 21 145 354 281 214 186 18 16 243 288 110 205 298 267 267 122 16 392 458 30 206 318 8 11 362 362 406 77 80 67 330 78 301 84 198 78 248 196 231 386 370 243 293 403 438 243 
169 210 59 71 128 452 163 281 405 99 161 278 455 226 273 65 214 164 285 445 169 381 158 349 174 58 380 176 110 386 48 206 407 175 382 347 164 477 195 156 118 85 324 44 490 161 66 496 102 216 168 252 84 65 230 270 456 45 345 19 139 174 85 318 28 31 386 2 75 173 338 366 493 367 476 141 202 298 17 297 282 360 98 69 450 186 59 145 51 109 18 439 63 495 164 407 130 143 107 71 251 428 293 88 218 97 109 70 426 368 173 383 307 78 0 162 295 147 
448 199 275 94 424 130 20 318 209 251 419 372 131 150 325 360 352 40 30 338 61 183 81 373 441 69 378 315 249 281 397 206 493 121 9 438 8 251 35 138 79 3 71 275 325 478 229 220 9 422 205 457 7 89 487 387 333 45 3 53 271 366 361 134 233 376 158 29 352 46 39 365 26 498 224 434 327 7 171 309 467 65 4 311 31 197 186 295 282 273 15 278 278 360 449 162 90 289 12 217 203 483 331 191 165 70 487 286 394 160 452 101 310 401 381 396 260 
86 144 49 480 33 27 352 114 168 335 128 460 172 405 49 210 43 85 269 63 35 131 253 169 241 264 242 480 297 111 264 454 392 9 456 8 180 386 308 64 90 427 138 80 128 201 300 83 474 55 381 315 20 44 429 1 196 91 133 291 288 252 71 464 443 224 91 299 336 144 114 248 383 8 124 347 27 488 379 197 90 13 479 275 287 84 389 198 28 219 481 3 78 238 326 210 39 35 488 217 170 237 381 12 102 377 411 14 417 41 316 447 495 337 115 251 
105 84 436 361 223 438 174 46 318 14 468 161 160 351 293 421 386 318 135 163 392 276 384 400 486 185 19 248 270 136 397 322 212 356 184 396 485 410 69 127 329 343 93 312 295 42 182 292 461 83 200 410 103 350 399 151 202 209 176 18 494 206 236 343 181 40 383 85 365 370 93 321 19 271 385 275 358 166 227 35 52 275 378 90 181 208 40 147 32 122 278 257 99 388 451 314 172 219 85 309 146 40 96 109 410 102 184 54 241 294 475 220 342 167 57 
64 334 187 90 482 369 110 421 18 163 397 207 224 146 180 174 235 11 191 82 496 45 101 272 115 177 312 307 469 368 331 135 401 488 478 161 68 308 423 219 427 442 123 107 102 495 429 485 320 23 58 278 73 291 27 146 315 166 436 186 263 444 230 352 347 451 419 469 486 479 26 474 231 22 433 52 308 133 110 482 120 448 239 68 284 220 69 324 81 227 103 445 294 487 356 26 51 138 307 147 296 380 247 212 21 451 452 162 114 147 54 112 145 158 
102 199 341 439 244 62 169 281 250 173 386 190 164 135 241 388 274 439 77 393 206 22 214 401 264 330 180 77 125 279 461 146 485 496 299 204 201 191 141 27 79 156 385 358 317 443 253 315 78 119 235 10 155 434 30 323 490 494 243 305 52 104 22 480 152 190 256 83 380 373 219 336 276 301 167 243 420 389 428 311 145 447 375 109 66 271 34 6 420 61 445 250 193 63 457 36 307 26 25 448 292 408 241 289 371 475 54 3 457 237 107 452 206 
482 92 412 195 323 2 460 246 283 329 166 329 353 149 472 189 36 102 418 79 495 382 74 365 433 493 11 424 295 434 308 76 364 430 463 10 289 373 15 226 414 486 382 327 356 42 397 496 348 79 223 99 38 143 45 77 258 200 103 155 27 206 443 307 149 208 407 133 398 198 69 36 25 273 445 113 373 456 129 246 244 383 422 58 234 199 384 177 144 407 289 303 328 180 233 51 430 340 107 213 84 261 429 387 430 116 464 395 119 438 496 130 
379 398 308 89 133 270 6 43 18 88 391 468 109 146 393 239 387 250 158 428 317 131 189 89 408 129 163 301 285 158 150 192 261 59 200 485 143 369 7 451 299 136 276 332 87 140 216 392 124 274 259 236 245 181 156 199 121 162 156 348 129 73 226 420 352 55 13 85 198 124 29 271 111 54 274 402 416 160 390 14 438 336 224 395 24 270 374 208 188 194 423 219 281 464 254 26 397 377 486 231 258 424 163 171 310 437 463 141 402 295 184 
321 127 488 410 391 207 208 175 142 63 240 455 450 240 371 228 298 437 460 257 495 462 19 39 447 183 77 136 151 365 8 434 265 366 0 443 47 388 155 493 5 292 14 268 348 431 277 84 229 238 224 65 430 253 136 306 1 237 431 464 42 59 205 108 160 314 457 122 9 364 455 246 52 440 306 186 111 334 274 362 116 265 340 143 439 224 318 242 349 422 209 423 271 292 318 289 27 58 315 143 288 95 151 204 275 85 152 194 405 166 
98 283 23 285 298 38 74 0 278 38 182 45 21 195 492 408 161 132 233 89 195 186 228 429 153 428 98 240 22 15 105 180 20 349 355 147 298 420 193 356 250 196 46 477 366 283 256 83 480 296 329 232 243 148 418 321 47 197 480 169 181 99 212 106 38 252 344 161 124 224 283 428 30 417 69 253 318 232 393 45 352 235 348 208 464 430 33 158 104 415 83 331 366 68 130 41 111 442 172 474 327 486 395 4 194 131 71 437 197 
46 237 42 177 21 346 227 147 442 471 41 447 385 48 409 303 409 415 180 22 270 376 256 348 463 296 498 57 138 223 423 321 349 132 87 119 113 453 2 173 111 348 275 157 354 13 270 76 472 291 50 59 31 364 173 416 303 158 420 168 261 285 355 368 446 153 87 424 68 337 232 409 109 88 86 24 330 467 332 15 434 368 218 357 66 40 482 453 84 217 145 24 274 172 213 115 296 475 468 449 381 473 12 447 179 247 72 225 
472 374 93 63 162 39 45 457 492 157 50 420 160 461 477 194 291 350 281 380 388 264 59 56 446 111 179 233 366 195 206 89 245 161 99 30 315 230 405 413 304 392 68 245 425 235 311 337 188 202 261 493 398 434 485 47 247 205 268 297 66 168 479 424 473 78 39 32 124 268 33 359 175 490 470 159 379 228 457 192 29 345 427 294 461 160 459 389 166 190 399 220 71 192 396 196 256 214 115 138 434 73 221 98 249 338 488 
98 240 432 272 414 183 403 449 259 27 332 397 470 383 10 410 222 259 340 333 53 105 203 306 365 274 191 260 20 442 363 230 136 100 204 258 51 88 172 23 231 461 228 19 198 303 188 366 140 65 68 87 302 135 466 352 376 153 438 194 21 284 218 246 128 241 261 482 428 234 61 204 381 50 180 80 485 472 418 111 445 269 159 168 478 400 216 449 259 253 490 301 430 233 298 286 61 74 190 64 317 217 295 123 391 30 
423 215 369 1 388 340 430 91 129 486 289 51 203 269 394 337 149 216 95 484 68 260 46 165 118 272 496 46 393 95 239 52 63 445 136 272 236 62 491 442 485 177 309 215 409 132 478 440 176 251 300 283 237 79 496 420 485 312 40 373 64 168 287 480 37 246 336 225 399 281 45 11 11 81 288 269 14 76 275 22 368 149 31 321 97 460 15 358 24 136 179 245 103 245 437 172 269 313 191 77 101 6 196 466 333 
290 416 244 2 246 3 116 335 154 270 90 348 362 371 132 158 115 442 71 18 262 425 206 427 174 93 314 177 350 416 386 456 152 290 71 170 73 123 65 439 293 363 171 33 366 200 240 188 278 452 487 5 69 270 230 353 67 280 178 288 167 217 30 244 292 249 21 197 321 56 379 5 241 366 82 468 460 401 28 389 93 244 190 130 70 167 251 378 65 293 245 83 84 97 301 266 151 167 2 472 239 433 100 144 
108 311 91 1 215 189 411 118 334 336 428 290 39 286 382 178 154 39 2 98 264 5 221 312 491 3 422 272 279 483 166 305 134 407 122 482 329 228 51 408 71 401 252 465 82 142 71 200 273 422 422 335 141 39 141 105 361 171 219 493 61 482 401 273 59 240 35 223 497 14 156 475 372 449 36 367 381 75 379 279 153 322 198 119 250 210 83 358 397 102 454 236 32 425 293 7 218 270 92 15 482 444 181 
363 464 362 465 151 38 257 323 275 113 167 198 187 334 286 174 459 188 192 209 251 246 61 409 471 314 285 447 107 484 262 65 179 223 386 333 476 376 314 490 157 303 260 29 218 133 271 87 493 301 383 197 401 487 185 137 204 476 209 10 430 91 340 162 5 389 88 347 179 286 113 266 347 329 258 262 444 67 430 319 49 194 138 284 355 105 254 177 116 152 188 321 326 198 340 68 313 168 58 402 86 164 
311 395 284 128 482 37 236 69 310 236 300 391 416 66 468 341 280 418 431 364 309 143 479 480 96 251 485 246 244 44 192 289 279 428 176 340 296 48 55 295 176 135 350 270 406 177 60 491 314 473 17 329 261 138 199 272 157 303 89 173 294 285 54 439 191 88 62 164 294 368 279 61 277 237 343 20 66 23 313 186 238 5 443 16 214 149 185 297 406 275 55 267 40 279 338 378 110 370 240 9 108 
252 179 195 389 459 386 448 226 370 440 234 200 458 256 233 101 142 396 414 141 495 272 387 96 325 304 134 398 163 87 53 44 329 212 494 322 344 351 258 80 164 37 159 265 311 336 65 103 311 480 49 143 261 163 124 42 488 137 211 34 201 458 151 235 161 405 380 424 285 75 157 311 253 83 119 343 15 73 208 344 28 241 213 263 279 113 433 462 434 288 242 72 116 173 238 487 56 8 12 370 
27 257 81 427 415 361 467 225 422 168 61 209 177 88 207 183 435 459 196 22 20 24 486 324 308 386 496 437 314 119 68 319 219 15 68 306 420 371 150 155 496 491 233 112 394 192 240 255 299 101 401 31 272 368 482 17 76 103 232 380 488 271 306 444 315 364 77 259 493 99 167 461 306 376 128 454 224 450 311 221 411 404 152 215 289 490 205 378 206 259 486 112 187 138 389 481 68 242 149 
160 223 121 54 211 16 451 418 273 262 370 397 0 98 167 242 17 244 228 26 490 1 300 494 313 44 458 481 238 392 136 280 86 477 207 403 128 129 433 322 383 135 33 297 403 46 421 69 430 306 282 118 429 344 360 102 232 468 430 104 226 437 498 295 81 69 305 464 465 366 22 61 366 488 242 267 142 319 181 154 159 272 80 446 426 217 328 87 193 124 235 152 190 100 51 381 245 260 
125 178 135 233 5 477 331 348 186 294 297 493 197 53 442 44 162 439 271 112 158 466 324 76 76 112 401 315 29 111 482 209 44 116 83 160 402 492 225 244 51 356 348 273 301 49 120 204 295 385 195 401 415 33 478 33 137 42 306 491 95 19 401 477 365 389 158 330 79 462 35 384 459 395 54 222 169 168 155 96 380 482 119 182 248 166 422 411 312 88 224 483 217 266 150 492 37 
206 457 236 421 10 17 423 477 164 498 124 185 81 480 366 246 33 463 329 334 400 69 369 451 104 299 411 93 194 247 235 372 478 370 108 247 26 67 185 49 453 1 393 47 479 471 284 315 476 127 383 410 416 295 316 87 462 102 61 262 290 33 200 353 408 457 355 352 184 314 257 238 311 303 147 163 474 150 229 144 468 182 253 322 318 393 227 438 207 422 384 488 486 457 235 367 
350 213 121 54 26 20 120 142 472 480 428 333 345 65 130 32 326 282 315 169 161 218 409 285 333 49 77 307 325 392 148 313 496 138 341 6 209 165 278 418 194 406 277 42 289 394 231 289 94 36 5 249 370 3 428 111 229 37 424 283 106 282 486 151 333 391 164 204 192 50 149 397 326 121 101 380 216 248 481 105 270 386 494 16 191 459 296 309 199 473 144 443 14 357 222 
45 1 210 309 193 138 133 397 342 373 21 476 240 283 78 87 236 302 1 107 427 114 61 383 392 359 80 399 230 498 158 325 183 148 122 344 279 234 4 241 92 352 284 346 233 472 203 38 388 71 422 119 385 8 332 390 334 114 296 393 213 45 382 58 258 379 69 336 242 275 165 383 177 161 196 104 94 102 76 359 135 253 15 137 281 492 205 242 388 278 415 165 62 466 
111 48 139 190 29 160 186 383 462 120 469 331 172 319 278 228 85 154 476 67 485 213 358 97 340 467 50 457 397 29 425 454 194 441 379 258 343 146 401 269 402 415 47 300 358 219 375 78 165 312 155 495 56 338 370 345 270 257 310 485 258 188 376 456 357 160 209 100 196 452 254 10 394 375 162 163 172 240 157 72 182 237 497 471 176 425 6 275 331 59 23 186 309 
125 359 475 270 105 496 117 402 433 92 127 341 452 460 258 49 379 218 492 323 409 232 61 234 64 265 242 205 455 451 337 191 372 244 83 210 256 34 393 368 363 156 74 119 402 422 13 377 242 89 194 206 324 94 271 370 492 169 461 38 74 254 303 474 391 192 26 475 18 144 54 385 78 165 417 34 22 425 263 258 47 423 23 202 267 262 206 462 282 215 65 304 
479 323 316 89 177 184 70 286 207 377 495 34 103 454 466 437 269 295 380 402 243 419 358 223 434 369 485 410 3 403 437 388 338 340 51 282 177 454 444 147 18 113 131 432 28 133 325 301 230 439 54 365 193 29 96 73 489 87 199 6 172 181 134 412 259 226 451 45 214 269 7 261 32 234 348 206 248 486 453 31 162 121 14 10 372 222 43 139 428 154 392 
239 58 419 321 165 186 311 452 48 475 387 130 191 203 241 225 499 378 175 494 497 294 404 55 125 356 234 96 270 122 22 404 338 8 242 270 389 445 91 416 138 81 499 463 196 50 354 117 484 352 31 70 224 131 137 351 22 26 31 65 263 403 222 173 274 228 51 109 14 62 112 360 119 374 369 9 493 206 17 146 26 365 89 334 259 373 57 46 88 87 
259 402 316 322 395 57 495 218 337 400 43 129 333 451 253 35 12 7 391 256 354 244 246 253 428 162 248 175 145 110 431 134 395 448 413 279 332 141 62 308 337 172 74 474 153 52 105 221 486 218 434 209 446 302 15 206 292 122 460 263 31 360 14 73 22 229 147 305 333 310 474 482 443 49 392 63 136 249 102 339 96 324 494 474 347 186 109 206 61 
63 44 365 489 147 265 9 16 382 305 164 388 320 378 136 93 105 46 274 381 111 35 274 20 93 432 101 239 396 403 86 401 75 16 67 218 480 373 336 216 41 374 35 35 364 222 396 413 304 332 356 434 374 334 217 67 34 215 304 322 297 60 93 133 321 83 205 27 319 396 348 149 146 83 41 129 306 55 114 269 438 151 116 205 21 453 359 477 
408 255 380 41 10 416 53 144 310 338 415 410 82 31 135 33 183 205 456 260 313 305 175 383 207 271 46 240 209 210 146 451 11 114 330 216 451 257 478 133 78 32 266 434 365 132 465 304 71 73 303 424 86 279 431 95 490 470 404 459 458 123 378 298 297 371 48 374 133 105 221 188 173 229 468 195 98 33 165 79 381 404 486 363 212 318 234 
18 61 187 68 108 408 104 307 346 117 407 116 333 287 24 288 121 401 315 165 267 130 164 100 234 16 27 389 326 101 19 144 343 285 253 384 415 264 434 393 183 92 369 248 132 87 448 92 473 314 272 7 30 42 108 23 178 434 198 398 73 433 14 243 421 55 464 281 377 12 482 427 497 429 114 189 252 375 425 9 78 372 246 189 349 66 
340 384 74 394 449 169 183 187 362 242 473 67 257 231 180 493 431 292 52 306 364 60 205 86 304 18 235 262 275 415 85 281 20 160 248 278 309 98 154 58 125 90 128 145 468 41 96 164 7 388 380 263 283 186 66 313 144 144 325 232 176 240 397 308 42 141 81 463 86 98 335 296 427 388 398 61 193 260 247 112 391 317 78 240 332 
412 12 94 183 492 459 38 197 68 458 158 423 18 312 124 499 87 156 202 24 436 112 486 282 426 488 30 325 127 48 468 419 24 43 5 271 369 51 205 99 159 197 344 104 185 57 328 453 232 113 126 376 472 216 452 244 374 392 471 439 51 239 48 176 110 340 435 496 54 447 284 62 43 396 301 93 301 461 483 49 464 91 128 306 
420 145 101 473 221 353 425 30 342 124 259 412 477 417 229 390 11 174 150 478 187 421 185 270 329 65 436 467 183 66 269 377 126 217 336 43 230 325 396 93 25 168 156 311 165 309 401 374 56 358 25 157 417 33 291 250 89 484 402 144 442 189 370 330 309 102 62 473 293 40 452 148 249 498 25 239 483 486 336 339 180 136 205 
169 126 371 381 302 303 148 249 215 369 420 227 290 40 402 127 65 279 400 31 415 491 233 216 124 292 233 13 169 246 318 488 274 191 209 159 287 201 55 319 95 89 156 359 109 376 82 431 300 180 121 488 145 348 237 237 463 153 421 124 260 46 176 467 415 203 93 400 229 95 348 275 465 448 320 332 454 212 237 38 147 437 
295 271 319 412 479 471 449 155 342 399 455 3 336 389 340 246 487 337 494 448 327 320 420 138 234 488 257 124 301 148 83 228 438 7 298 338 445 114 446 442 193 299 246 347 17 283 176 271 232 92 221 119 210 427 114 231 188 203 45 365 299 490 92 303 374 247 254 361 195 194 230 472 338 431 57 379 264 40 393 154 332 
51 21 471 449 80 377 327 74 279 492 475 421 121 151 197 224 412 344 421 161 203 395 139 46 162 182 223 169 61 19 97 182 89 26 109 360 309 338 137 429 192 252 471 230 314 17 35 345 12 284 191 210 392 95 318 407 88 226 83 414 391 466 399 403 295 74 340 169 152 357 224 50 385 283 138 194 442 388 274 95 
198 180 66 416 461 374 233 95 219 493 226 58 314 342 68 231 340 370 6 331 127 254 378 123 222 246 496 305 218 224 136 73 101 100 351 400 458 243 116 98 496 424 130 409 470 60 139 220 485 423 285 272 282 200 319 345 201 396 23 59 0 30 159 220 341 104 151 94 411 79 18 16 212 174 158 228 188 495 410 
111 333 230 484 189 58 450 258 201 348 123 57 480 250 272 30 199 178 355 258 321 223 437 482 383 213 74 436 44 313 374 492 212 128 206 389 163 455 151 83 200 431 498 269 83 155 214 215 294 48 439 440 91 100 312 461 470 359 345 130 215 332 176 494 356 214 121 471 170 384 291 162 134 103 76 182 497 299 
483 495 79 130 305 49 448 363 203 340 464 468 302 11 414 119 150 188 348 420 4 53 273 33 189 105 432 221 404 361 195 468 84 163 342 408 12 274 482 265 180 333 375 185 64 428 59 396 128 34 323 488 206 334 355 154 214 393 123 485 89 230 378 155 233 390 138 237 146 213 351 33 33 49 306 6 283 
183 416 155 158 200 25 266 149 7 145 454 320 62 54 408 201 326 492 33 250 184 286 184 89 81 71 198 493 106 50 266 373 34 169 198 35 294 4 198 119 304 34 478 201 341 449 203 436 307 334 409 5 272 483 27 469 127 60 13 189 65 336 232 104 76 472 217 92 432 195 373 349 376 59 83 194 
227 326 457 493 368 273 13 20 329 221 201 355 155 326 324 109 221 293 442 334 196 34 236 475 347 446 70 6 28 475 277 301 323 256 335 261 2 84 408 446 274 445 315 100 215 352 235 358 105 265 79 429 5 70 225 193 419 262 18 26 234 327 330 228 126 495 399 188 207 494 412 474 254 253 73 
444 45 358 220 26 401 451 142 499 438 239 439 478 386 56 280 281 384 325 473 394 340 398 144 377 405 237 434 385 372 288 332 319 360 252 348 221 361 106 181 237 398 60 243 429 429 420 133 366 214 27 31 443 38 25 22 218 257 411 371 414 168 127 95 102 195 116 342 377 311 269 62 136 368 
115 214 169 217 226 313 443 181 292 416 101 64 128 16 71 82 167 479 385 93 373 24 408 28 374 258 298 361 186 399 210 70 146 184 332 252 415 493 26 474 422 498 448 30 69 369 204 387 250 442 144 369 393 458 62 300 361 333 422 295 269 346 8 455 211 7 256 223 212 349 151 217 153 
315 17 315 491 156 48 463 340 198 466 366 176 262 375 356 447 262 129 223 402 79 268 368 39 238 195 118 117 115 38 18 177 81 119 115 486 97 219 450 14 284 201 318 263 133 425 27 314 445 388 275 267 36 256 41 292 216 409 41 361 437 136 252 139 188 51 285 385 457 26 64 446 
390 124 405 450 291 32 440 117 415 297 341 267 122 264 66 164 306 321 287 116 246 95 146 495 80 111 132 213 155 304 321 16 40 395 57 310 303 419 357 262 361 292 171 349 298 81 297 371 47 91 81 153 138 318 156 36 157 419 94 440 195 183 285 67 396 230 104 109 285 80 157 
340 77 18 498 84 86 386 461 128 325 3 294 245 230 260 200 114 98 132 495 49 245 467 425 191 217 309 404 287 121 498 136 56 47 298 346 47 327 180 134 137 28 30 270 305 308 282 216 63 56 223 216 407 187 20 466 193 226 133 92 480 15 296 229 488 386 443 122 14 10 
51 194 211 238 57 396 472 209 426 391 159 237 404 444 1 436 310 293 417 154 107 315 61 280 99 49 488 310 326 170 211 293 224 25 292 462 79 318 431 126 81 257 185 165 236 52 104 355 98 460 330 449 58 270 479 102 42 93 79 132 399 73 367 4 1 430 314 52 167 
242 133 93 123 219 342 486 486 235 391 329 264 427 410 215 411 216 73 450 32 342 75 194 72 187 62 82 67 367 51 152 112 438 285 437 75 80 274 189 43 73 88 233 79 392 374 438 454 120 309 153 467 357 344 466 38 467 214 128 200 55 140 354 261 143 34 332 434 
338 116 147 42 15 310 466 494 304 440 100 213 28 18 373 113 122 240 182 232 135 285 455 225 97 462 442 402 74 78 441 265 477 289 1 211 451 385 399 233 33 118 222 282 377 372 93 183 79 347 362 154 285 350 367 248 427 107 391 440 308 472 356 167 219 491 241 
48 177 249 455 497 93 52 42 114 473 269 424 36 181 440 89 443 99 64 230 88 499 150 206 370 195 190 479 144 215 317 192 494 483 487 396 210 371 42 417 109 42 137 127 280 91 241 241 466 244 280 166 369 321 455 199 393 288 443 136 52 267 224 117 222 113 
54 342 479 365 444 419 91 484 427 24 253 455 110 366 338 109 293 346 238 101 154 473 464 382 68 342 96 207 174 322 378 281 460 401 384 184 453 224 112 433 191 135 189 224 46 245 311 47 315 17 333 493 300 50 448 406 493 92 163 127 3 211 31 458 472 
456 462 199 251 332 103 333 254 31 129 250 145 292 378 300 226 330 156 400 446 409 328 62 350 28 396 373 92 181 411 36 127 423 293 138 291 265 351 289 105 25 403 15 212 107 215 269 10 37 265 21 498 244 5 172 417 135 415 348 193 399 399 89 58 
2 158 290 120 233 162 322 132 387 126 209 55 369 402 252 200 411 227 179 474 324 445 254 346 70 79 387 179 179 22 484 428 259 212 320 105 73 328 292 173 384 478 81 63 308 196 333 245 91 77 250 309 89 429 108 158 72 115 315 85 377 51 389 
196 67 20 323 252 460 72 312 33 138 118 308 442 43 255 26 383 417 80 384 198 283 208 163 234 126 182 464 292 286 304 211 168 160 492 379 55 168 225 315 343 349 77 263 17 377 402 438 111 118 415 242 202 62 286 233 355 180 279 371 65 383 
415 426 40 460 39 496 289 202 493 102 364 305 278 150 52 109 314 76 344 33 336 313 325 52 40 367 364 313 220 457 499 51 69 308 249 129 469 389 447 129 32 16 38 348 203 7 300 0 473 300 419 259 164 119 448 28 214 69 35 194 213 
54 391 439 307 301 481 155 494 412 300 141 317 40 291 209 241 62 11 232 393 58 184 53 219 279 356 350 25 464 130 418 290 32 299 142 364 73 67 289 124 421 460 488 18 163 356 50 6 499 388 419 177 488 89 317 36 7 1 345 221 
299 378 407 224 161 49 160 432 208 64 265 182 132 195 317 284 217 209 98 3 157 79 352 276 46 73 24 454 280 285 476 112 264 175 204 316 192 76 110 43 209 163 485 351 149 222 408 310 49 285 335 66 269 37 487 205 483 58 479 
168 117 465 460 256 209 376 477 173 21 13 144 349 279 171 333 441 414 432 180 217 337 183 370 372 254 455 358 356 259 115 329 209 217 79 261 450 283 284 59 72 273 39 224 162 241 335 209 379 230 367 143 165 74 413 448 115 102 
181 25 175 224 351 228 476 348 150 333 497 452 365 342 34 39 370 381 351 499 8 340 496 30 433 4 179 102 281 379 422 338 498 249 447 54 192 194 39 299 481 296 333 46 496 53 78 27 344 487 25 16 291 240 359 394 65 
492 187 162 161 430 429 173 284 190 179 376 85 358 417 214 240 362 360 304 132 328 55 212 255 273 385 234 470 481 344 440 399 265 319 229 490 413 255 352 374 436 147 243 397 133 138 460 196 405 315 496 464 226 367 423 258 
400 442 348 187 298 448 15 67 401 51 225 294 29 27 215 459 489 49 465 114 138 496 334 275 415 21 96 87 114 479 110 25 427 247 354 79 7 400 290 471 482 247 349 460 366 15 159 484 247 63 354 242 283 410 98 
175 337 202 230 183 338 232 88 195 38 42 60 308 30 261 375 469 262 17 437 338 229 92 420 339 71 94 425 92 218 151 299 250 249 24 51 427 53 10 353 413 51 27 491 253 204 8 464 418 103 386 302 249 146 
43 272 22 184 51 460 15 49 232 38 35 316 147 155 426 470 239 71 141 351 206 287 140 88 197 76 205 451 364 329 101 73 309 100 471 52 229 74 327 489 148 380 415 157 145 351 451 131 87 260 447 104 365 
73 250 37 384 460 214 441 113 497 281 459 478 152 463 208 291 474 405 484 67 99 65 117 276 407 83 204 483 453 255 180 316 109 164 390 369 256 304 476 87 105 440 19 138 43 117 272 244 268 286 328 7 
220 288 251 56 253 360 426 331 195 244 192 301 183 436 195 270 191 227 1 151 461 132 178 343 304 248 108 91 366 32 439 485 359 4 383 280 279 199 411 29 486 273 206 462 195 480 417 209 256 287 149 
290 316 105 40 252 405 412 163 49 466 151 364 306 35 306 201 363 378 451 424 22 54 101 55 208 268 376 442 467 268 184 300 124 262 448 499 146 82 289 93 221 376 257 300 461 102 71 428 68 253 
333 380 114 360 4 280 390 231 418 92 232 53 221 305 194 155 362 125 252 398 403 331 226 19 496 261 467 383 368 489 431 468 102 469 145 51 471 144 445 93 236 20 339 94 19 27 341 4 225 
459 419 7 380 111 497 107 397 73 201 468 43 456 322 197 239 236 127 93 169 212 215 146 402 335 110 322 428 486 423 364 143 64 21 307 108 247 142 304 172 249 452 77 474 339 378 243 347 
130 193 226 251 445 470 46 451 85 21 89 310 231 496 166 243 11 316 307 32 153 226 333 35 127 39 307 476 2 339 300 22 421 122 417 474 179 68 40 274 101 207 324 228 473 212 437 
43 350 412 351 109 52 131 0 150 136 326 350 275 53 79 141 152 23 8 159 268 84 134 270 360 52 12 219 26 317 185 130 377 351 26 283 265 442 127 111 321 434 286 119 163 162 
254 304 188 280 415 170 192 36 323 94 454 162 424 314 401 256 439 248 5 284 479 170 292 181 366 382 99 85 364 441 209 250 22 204 256 427 356 318 43 120 417 304 384 140 59 
92 156 284 44 299 132 89 398 330 43 120 280 487 224 114 201 41 329 375 471 75 60 37 235 208 157 426 309 91 105 382 419 352 433 41 388 193 64 377 88 200 192 282 195 
16 459 7 104 284 280 291 486 343 262 304 71 431 415 76 171 433 83 30 441 222 109 39 188 61 451 163 263 138 307 430 284 395 425 134 99 206 299 303 226 24 100 171 
61 296 184 179 1 498 457 408 11 413 365 155 135 11 259 62 356 18 107 250 462 69 206 352 364 409 350 412 72 205 434 469 6 21 486 158 394 391 248 262 88 317 
282 307 448 332 37 233 230 309 444 74 188 190 364 186 474 338 404 340 410 355 469 208 60 174 360 3 80 284 276 179 33 183 294 489 478 441 303 395 46 367 271 
112 84 410 377 102 388 124 309 82 300 139 410 228 370 343 343 480 439 308 435 103 85 255 220 13 392 179 498 188 141 431 31 305 37 260 81 248 397 130 121 
120 260 302 258 324 391 211 381 216 333 224 168 19 99 339 55 355 10 149 138 23 276 30 279 325 144 57 60 272 65 483 321 6 276 466 273 246 117 118 
125 391 293 19 346 114 470 474 123 449 123 320 417 474 470 6 284 96 42 472 93 305 280 34 250 498 290 426 473 37 183 347 287 365 131 278 372 445 
445 448 453 95 149 428 266 87 371 154 61 448 396 437 79 199 42 296 435 430 59 178 260 194 65 53 259 16 388 472 116 267 50 392 397 259 221 
431 372 222 236 68 425 231 103 228 116 455 182 291 234 403 333 257 121 201 343 93 74 204 76 262 490 419 35 142 285 193 481 462 100 357 261 
222 165 391 165 431 377 104 27 223 37 346 26 237 138 371 270 344 336 456 123 237 97 433 149 156 484 4 474 422 223 372 347 310 140 75 
174 419 424 343 216 93 289 432 154 311 13 337 336 249 304 206 101 248 324 287 276 35 21 102 493 391 140 325 497 361 480 120 427 392 
208 70 497 55 316 107 371 435 107 431 199 221 70 465 243 430 454 5 492 201 323 159 481 392 211 494 434 154 360 109 455 260 249 
200 450 393 432 372 338 51 228 8 98 136 12 25 350 57 419 498 5 16 83 123 85 470 146 26 42 34 315 304 353 101 153 
259 192 197 87 321 21 94 307 173 152 117 27 204 187 182 133 296 471 211 207 464 9 31 66 423 223 458 306 141 106 245 
482 313 322 379 145 456 236 481 187 173 494 489 454 337 12 8 247 208 426 168 29 307 129 15 423 305 182 413 247 249 
6 481 374 357 362 160 453 111 484 210 234 344 418 21 357 121 13 254 0 91 393 185 242 341 107 440 384 276 405 
41 405 159 185 102 79 181 413 403 488 63 103 85 267 62 11 248 480 159 293 312 387 311 344 458 465 144 133 
238 202 52 160 164 191 153 134 392 337 204 357 466 413 244 125 425 317 117 434 127 229 326 220 95 455 99 
318 479 416 475 50 326 380 450 115 460 450 75 464 321 187 492 92 152 432 372 331 482 471 170 95 156 
155 68 125 397 165 235 65 433 135 10 89 239 25 409 449 401 133 390 66 419 366 89 467 50 385 
85 333 413 437 63 151 479 272 336 394 408 268 477 5 108 388 462 250 428 365 413 388 26 80 
162 183 304 210 98 325 23 322 457 424 217 218 427 351 161 412 19 212 317 47 493 329 396 
459 398 192 332 154 233 498 48 349 198 18 343 458 430 231 365 56 26 10 302 44 344 
322 27 109 399 454 342 281 280 160 50 296 160 126 148 166 80 210 260 11 299 107 
326 181 6 237 154 200 328 498 50 186 209 232 50 447 64 137 489 198 377 58 
492 102 75 440 377 249 266 458 165 245 142 262 18 23 26 199 289 81 233 
465 373 405 345 310 195 255 473 292 265 378 90 302 484 37 483 203 176 
65 81 493 274 380 62 257 236 467 444 242 403 358 259 268 479 23 
121 289 265 84 120 298 391 307 130 52 80 41 21 362 461 96 
253 300 495 46 464 162 309 33 76 235 353 99 339 454 276 
32 399 177 435 324 29 128 469 352 336 93 447 124 88 
228 283 206 156 292 287 357 51 169 167 109 110 351 
315 321 238 217 399 412 325 88 403 218 175 91 
157 315 222 322 180 401 39 185 169 75 459 
291 26 97 424 9 29 97 179 44 462 
226 237 248 464 223 57 398 224 416 
255 202 343 336 178 105 101 278 
17 289 287 280 40 33 382 
384 428 443 362 494 116 
482 456 69 472 104 
287 96 289 18 
349 220 159 
180 409 
51 

