5647252309911820
980804999
51
72316425
6363
168379778
9162753163647450
39919581079237253
5051303190658
339223397188
61397339393495059
128594218
13427271547059716
43941
294228104613
9172011059850
600608177401
48225715855917662
1026
38474707
45927419880355210
1031
5190583581384
63793096628
513797067285
7475402302136031
2320542836344792
4514
6723184387618
13509
332089671038
95147202118736102
1930655881046
1736
48225
303391347
55150
53290
4534814696038
2429983223027674
509134518139
64264
959303380
917937625548
43396982
1136
87909
12190
5080613967612
838593441
1342752052242933
8494167319179763
43620
43548693276
728281105
1089660244632
203690968343
966900596
5865694
511624495
582792589039
509551783867
3729074228993243
226193778707
13367157
609281231785
2276
630656711
8392156568402160
902085599725
38565271978917061
34688874428100337
1611015390598341
5140745189803778
968347031
9488112517033
85989104
44054674247630533
1035137367452218
1329
2549563182065615
20091
28901
2550
6320928
289955261162
30409793795
22661004
6901207438994
133831207
3730767973913
3729
93491
15334739546018293
2941905476457405
4501
8238166048140
761128414447
35112
66555
369494153
14780127529715871
823302735602
45654164913723837
890870265
28671801538355492
392432711
596474667908
815369886
6134587520419780
22511
7104
4562637442633
55230512
7225366898046
7177865770392
21527723
4041
5357930814347601
6835
16748
7929835726827
7668
93799397
73337958
90683
87113704
187000320
7248227462248005
1243091841805417
5449611955796227
533974423
25275
67875882625200363
4982969601616834
3263078479204
48037136420273511
39237
5232
663
79449141
2356017404584
2422
520682102008
67796
1356397239561239
70912272
7336
6512
67810
94908808255292306
61574
328753948
8003
2875988431202
7925
2064410142503059
26259054618775460
34492140605100454
304466520239
2769513409078315
26434
2342207881770
84872903
70168955
3521106874154
5737
57794
24817076
180064303581
2081
10534480
850330783
81012317
6013
6852217484496945
26296691
9716
65019991657602919
149675014
12859222023313104
47452434
4381480381267268
5609
4687
523309069
7197248217995
6385516
2112298661060247
989020404774
1064
578826078
3508081073897858
146628877
68563
94957282
7559581533738
16240
613277033392962
663131606302
6864159715909852
1172
30048231798
256688798
1087
4754110726239056
955140928
2320578471289
9874678216672604
1108
23811928766
4602570619562
17931974303744400
437234280106
20666396075
88730468884246600
6272214154004498
3148
2313
7267965145191359
95190
932365505
2173
8238437048308
83821
92200887
9926531658
383097414
312045828
3283236736733647
43684619
993
7226154227117
2660266153781
59452146
87947104
342077065
15600926863915994
345910223879
820830
94630
104389430728
40038
59041826
905013552174
187822486
8556603186570
95452603
4298
2395108690737
7704658932468
813332958
757688751153
8731
2960
926774156
3717
842591292335
33070146310296208
4565511227423
316992876
622905750
13000
23887014539086108
19435737
1777607996177161
653697479
6962398275733
55821465690304624
12402
91306674
3716977004425
28081238151572047
87229666
22458431888076623
551034712138
211894722229
738478400245914
73978982
1891527650700549
34040987
6101
52886
8571359776777
8210907204352
488577300499
7556
860086457
74217655
187475045
211818347
1506184044223
486256129
3603
90108788458448636
594
9703625086242
3611
8416
18052082
95795
63
4425220778044214
306408084
17455
20722
76022
24362568127244348
778493356435
64240842
75727223914733776
95182077
202847318
969365075987
120879217
51853580066
53595124272322859
52280136
48830408
12613393
70610848
974277573066
366620280
307
847881646
84149
6298356221270693
70455571296933451
780807643
471433058215
3432865671525
654866832343
608681943144
174126363
1519
22916785994017162
3699235809000
12510770
1394
3601
3564027107637
881114274271
668477570882715
76792225
324859933
14268060899077384
13611910819
8125400367232348
674789015
2130
64487306
28592464966821623
6912625330882
8801482818347743
741150953
766578648
186086171166
4814
434912134
6536038242971216
2648486121301
88337763
74074
6260498036069839
38225562943362609
64870350097849302
80620
9955
4470480220239431
2575521542642220
884386351776
185
580187548641
748732825
46308118922245
21152446934160468
6510575140282595
899422399
4270109
84664240
86147465
2087586495921441
43451746
477483384
82630333206460382
100616176
397437922243
8616629531123720
40650
686507423
11507
22571753
8881748529306
57137
2983445676592622
396043102341599
1821
98931
402755124
6547325298445834
552666722062
2395875729521
10170473
782518148
15290501017831977
974621872734
1641
7258180
90030344118668539
4687007055281024
257570681156
75505200244327786
373392022
28040008
6212946960356650
567440889248
6769651153461
2887
77106365204301920
237005952014
1689
55082258
10136959512202599
4143360296
171363986296
10465079
30577307
8327176679942245
677
9804863973598245
67174170
2586354420093703
9637493702622
113368685
5152916041780723
95527
9326355329455429
3071
56345
49316
162079322111817
84073
7376710465033194
4195
4052425662747
2553149681936821
47655819245322508
1466643664073
3096966911537585
6595205998773893
835007359
285049235
34557999
73746
17181266
202215443
76264212
18726838
217771620
7913
6088
575125490601
6130
656249215
6167
1668701623692
1216180523250737
774982847484
9625900470879
1789
11111210762870594
94496
360315266
244659274731
20427
2542
96841
177307173088
3198746004683
78993279
164520417
4148918740643
4625376111172
16223177369000615
57067
9183725104484
358408437816
24417129
368530540
24865162
9002
145650292
40400184360043062
3732271369597
1952
637356498627
53768088013368669
8956
19305022
5005098952811146
1567643076435192
55331484
51474491585
738949764
8876474760424
88220100
41099170
134808633
15017
731877480
5088910506243388
1835585708167651
21294
3384
147885770
714507123978
4982240211957
22307
55651083
98421596574116832
1438270912930
85888
49631
804550302844
2981
171217760087
4689
734351443
49784473
6508
171203319492
6960212640
5956
5256
88749
51484
810589769318
6763172296271406
960927510
530101226
12967444998651352
66294738
98386
8650136537436
5050
858018306
4407032508864325
6765
66929550043487145
3421628849105198
423243715102
363130063
1523253011725
2771791286959125
104492868
806175952675993
85604247
81268682
67101247
9367785482250
9426532136840514
6961617459466
83895004
63906024043356893
5643
6877365693587210
48398
16191692174628642
6256
12549900591843760
175740310825
480872538
2250734810891
3643
23979
185405621
403999664471886
1645077930383
1258036200927634
6628622983762
7026071185067
78494619
297283862497
6519006654822713
3737
10687444624474552
98498129959
925586497422
4972425
444268565
963147562
299
5961580275959662
5121
16762073
1622790637634704
34710382036980540
68450717211451763
49894
481095526
1384621
5664265580726
2282046311410613
9016
1469
19387316182517110
9315448995873
173191829
23787396585807238
75613143
39773
2365350936717827
427
9158
67069
855877295
8362
64160
8181
98533587
273405899341
44443492
8598464276869139
4403114774352071
254705989210
7569941594125
313915583160
554723243145
691908508329
9288
320220
90253101
53987
26370093
734625574693
128275889
3748278316737834
76940832
9050408768390222
6732
8685469871218
73370567812091107
505284723
87968280353572244
905175017
68043702
353881049
3611547310218163
6338242
1393895383261
85147722118
565287432
560989189
3091184991101112
485089022
236521451
7044930209281228
9426
8172232771562
85397422
74040
2748
798316329
3575
995559805
6236100415739
1801376726720622
563228657905
97588018515167618
148232371868
10291875
36185431679365282
6316707904471163
416493236444
93332400
35880101990
78956
32230
6958
19457944171367893
818545364310
7752783948069
52278433
15754406
21162491
74092965363504447
520783530583
2773100172170
67635
2844
867967819
69612034
58794335
37099331
3415
2424676752982
44070983
58582910261340824
2119330849734
89599
82056
343487259
482892752
7059205353293333
42614172
4704921709001
23504
42865130039155206
1622319613201
67741465778350218
7864024
589494405551
625713687024
6582864091252340
897
9044422296797
3584
365964535848
444432821
4412431991404
71980184012173587
360466970300
73
99250
61109471
2063739905688649
50270858649767734
24227100
2081
1560131167148090
123754654291
82320
7664
211309
819606925834
92703
59250
230532
1057137
8230999006340724
60608684
106730259551
19091469
89308541133304161
7525
43842710
91331377
827001346674
169106361
13651
3552267572514
89808841
99290
42636
176379509229
5134
96752020463738775
2702800090499060
6389
131488779255195
22811578449097073
19633
97352997
579466396
407974133
9366997498905
5037
30692055
788028120
11710
24166832350969196
64626480757631246
736863696057
55078089
7960391216942811
7988468226633619
66422623
2791318511539193
25685241173251017
56579557
87917
96341691
992331963507
497171309
85906920
6647809663394323
6287211713111
39512172245446275
1815
213630172119
6123846464539225
12335
795509728389
2522643896859506
90154699450760861
382459413
44740332573404575
776129250
62444135
30904494
58490066348847607
33903680503421937
61686044040596907
6230
4106
71929325
4828526543266941
3217990342075
5886
189443006235
1259631848687
4552
225376540685
2159455646299693
47476454
3897035224093
3111
159641443887
7026869804564
1967763655424755
1428023608895889
7747822337920292
14826170114674202
2837
72652
891067675
76890970
465964623
1301725662200520
69209
455658546
661110874
6892747829970
1697213187929
427443302844
576029207530
22234016
5571656702450
4894
9601777
328260543440
3410241772933
793899345
386584734617826
31744370
5580749093886124
48140409
79834453
535631209
28268
166265125200
3906374708187
4272
37609854294
22853416978217889
602326410595
33901323
90714
724652631
124612416405
56816625927314232
2432
35458733971598701
48132737
858
6038141949502966
80511402
532
81474052684
683
92380325
43325072140265435
48562
466384554
945
2954153
8997130138325
5826413190460010
56203586
14463
7862021862315669
13660551
4019
29047520129208299
894227252144
730949063622
2480250004141
74781402
172011071
3932449566121554
3611
357675021193
740532
7434
115193888
4173778286862511
72188315
211981615340633
675357302413
9623
2554853375979
1831336069547233
47107
32889743189484271
49258933208373828
60461353403301587
63632
4328199111850616
274216601851
6951
4687821910836
2582
6682584138970
238665140
666434582991
9224
614265552
82448
2559
552555905493
23187
426525091703
83259
81018306
2137305101646154
72357850302081306
5992980200970613
523072715081
358428024
611196091281
8368613
834397703
86921
1587768962463191
1569623940679939
2801642678694716
3877249242455
3884
38732448820793381
185011125881
50290
9911547166917
78644549
183164376657532
2227
66883265470594511
33796225
58076
350743734
218862673
78667
87221022
1857
8547
774523990554
8974
1531
622121161944
1584
472955310901
8453
46250920945637944
7896
4882
144999170374
69955447
503329495107283
735321302
53144347860267508
1930077681123436
6560998002355
105344257
72839407936300980
6381246103912
954311989485337
5309
1024602717558659
616105757045
1319988170919843
663605063
30694852328052388
440842793730
4763146676988971
56040617476294656
16574261
708386103
539672584535
9201
2924
753937717
8072196684736
3692874222675716
96204876
413659
26936
9036
10245927740814543
83872423
2363774926480237
7117386624741
124508285
1644824203998352
62908857
29937939
617755380
72284
8394743048546
1516851964837398
9222
8455937928321
22424610
47107
8678079940082
3473114604699679
2607
31679618399249529
1478185414280902
85678390
415119129004
68579013815224615
5277759852496614
6259
7166907
4816276806143166
6918907198285
672145025
90737355
262864028
1718
74733
3671633815476
83089026964127507
17366253
2735586633140783
82553856255
42683864603215521
13071574
4236158801267391
1141778799585
17204384126
517177281
198988306
21331057723856424
62350
652520094
2635882513287
398626447596
98100879695686931
9485
34014852
3831593395602720
12252
458981781565
24688
81734479
851083029659
9946329522637974
256787273
220809132
32957
395406785
94151651
1930
570458130
16853
76575465
135755403
78981474
390167374885
8294115029257
291325983927
7503925487963159
610
63848847239379125
130466446
10181240
712258979774
32620
30561792650276640
440329001710
81687925749
165610889
11435
272089873
25768
7468307532712130
731322941
698099187256
72770407
222027181
501589511842267
4376015
7446919343469565
9800950137503343
10513
5376433218578
16479
2758519875871741
2534
610643208
1032242273813586
5956531772471980
4457
2541209533249248
147832841
489421497592
5136364695876452
647651034
41493449113802196
598254851
7584
325675454742
15216191
511405497
8902923141543
23816502702206528
8966
615073433
215419660
284480501
515410677
26406770975
6386425405503848
805116796
1673038901639
636046897192
82521
94373302
38355063
1884
20102996278868694
7589639877195498
84452
9112450469535
8965632543536788
710838276339
12380960429122921
494662181
12560472086
34987849
76083
3384
62262
607
694215012159
61900014
7165
43280888
51460
2773180677661631
3493769812296408
21172682135
4271
4171025873325114
8633219046707
682434906161
28617280
185829918
99162671098218057
7815871720945
2524833971632
9535980243403
4284294
16945266
229901011
71119800833304681
28076
68765306809359550
1819879317277564
84203047
57244
89399860576965574
68449
546028725
226402916
5919114272930963
7640555011051897
93009
3881822309734
1021304172946326
9797561589284
591629202
3554
6940793948616
789152908620
577227970328
1543
38946069
68319
5337950617002520
58733142
6366223
626215710553
365513496728
7227
93207536364326130
908803617350
547479133389
433147252310
94885
7621242633329067
51326
5890776
27793089
801677239650
3094
316246082
5056
978343484
8074165765476483
14967441876622658
6718357120699628
3773237273419
47776515743055607
1525734637917739
6227022765063198
21580
1246
12433
4719030
800117965
3807087512899225
33186
191730026068
60792516
532218505742
71702
805633869071
291566208631
62394888045
47076
18744
75071555
5149865077349415
34350019
192380721
4584124579004
87715620
3067
7076755
3733581004471
1869772338709423
289007371
68254294
17333274497873323
77181
708418651334
10352231779908986
82028
5725919719915660
85744
594
8384552
88188
164423286
1611081490532445
123903719784
67346
70961
75982
2528853909052556
79408
9129
5759873664346
9427081799328985
128421779
84950
1045651568136179
6132
9867908733658408
4155897947291225
2879144583084
675443575
41883595
148979300515
805647544000
1499
629465848847
2734437813367350
54592861
62095
24374575794785880
247918797193
4304228907684
55808
41217333252547191
9803
7795517216036
64096
458577269
634205702
76889
567760874533
5061
2047470966298
3995727253619
2276860077994376
2416
493
9821
6612406144092
3011
20054
727671133
247
94434448463898932
47783539
7066364312752
49993384620629880
41100060
718
5372
30150807485733782
530343598
4788
19767053033555933
14707149
2529119917161
757930210
84582
246025444077
9615245033544060
6082133797159
48234
7594912294781364
797884475285
2109
22191593616059591
91658439408
9591064604861056
82179317
22513801
803065681771
88508
628707411717
1135693743101
782630433
1371906475424922
82034
27260210
5430
934760501581
8762902862464387
16474475
732985276
3480133747135
1296619376110
52189772
407918839585
3844755083480
8624135322472
731249771484967
80637695199184348
111296813
4770018429382437
933850596
5962659723319
430
88532250
963
783348380824
17694743007865479
503785203152084
3647206703478828
981748272
62179839
542194380156
5317050395844986
81351
766247260721
8359
23648
52341361356390331
23680723
73420355
28350
825650139160
2843429745147
6262
24518316904966450
7528225762192
8423967200900
3781131236925
417209625851263
39478
666411530071
359062917302
79613
2930989969973
15699
47393638
80863649690523268
2235587790619
69388606818486513
402938285
10840
54
80652206
6431069338939712
354128326
1997109080050838
14147182172578190
5574
5924530136070
977818396057
5353814069082561
4632491908996200
342473681802
754134207062
571680466
4537
10870491299071647
12205
840015642387
9704
1815469318710704
1310
56394
82539
77445194458450212
90787222
8559960784
1023182023614033
824067203270
164348962012007
694393689
9136
10193513
986338404649
9674
937673186303631
7904
7581
3644
4527266093960
3882
86013204141021033
73608164
649633485115998
1049998936073
60018688370571668
20334
4444016621006467
96519342
85762
11974405042613968
64281972
97949861
36988
273363651642
724613500360
646593025887
252386851689
6502
14030
49451600808
161865687
79166403644084936
241007641495
2881
33681363
78626301264521834
37875310651060885
3661005069889
44276612414
97351332182333876
953294140
13076680107823612
466421076358380
27861817032365153
74057
227256100430
1736
4948025013875562
63003
676379432
103117591419
13214
76645985
6043067161034757
937314888178
83968884
30859189
88815209
699515386449
83606254869914954
24534
7864334
94145616108908472
74660857964394779
39641701
573747735
41314
6013923842759
848696767319113
14566
332734053
45881
3449
52965586
2795859653995429
818936557
19924494241819216
18710
2133404304084
967154728
65824435
14503
859973079
8517794583725170
537307926479
441416210025
4608474993100722
449025306
557
605829149
4255065609914944
183249672462775
3408788511786929
16358843
131517043
17991003
545943093
32475650529177981
10902
63489
648815020718
9567
3162455512593
33600166853310757
5378
5639
877410335085
9988
908605097625
4290121072205
8162697073456163
3339523327452
6472736
4890217279383
333298866037593
91103915467
57831
1253937912104500
928453835
76516880
70902260
850000680
87932536104849959
93126321
21524
7048
56966104505073307
14442550
1715418383053715
817648325102
40747
96457203648
31526224
45139291
1384795785156600
58786049194575935
4959253199372
4756664
8482
643101749099
3486584
43311024558634661
64726
9197
164684177527
102214648415
7862866416776447
51746501577839157
32932284
1217597421884275
59261766
263581230
66641347668936434
1912856819692
533640
183666055
25978108355397273
38430257
57679320606324746
937906122
6331752103068865
1164534861254
430053439289
19705761
73371
36141411
126
791546623652
245742788
9684
9041
74623620810670647
2688109047021121
18966
35367398
200870236
693902557
763361201
591952177544
9282189278567
1899
31998848108314257
6450452488500
2392
87838
325376784973521
5694642352514821
8312852279035261
43289606
57023928
578331471639685
558797540595684
22600491033336367
4634
1454114078580
4468
8042
893355968886
844675553885
5405
7885781656857
127415955
62142796254009629
9075
1225183515095
33979436
361068945
589273652
82144719487321257
689767980655
450574762349
3008102490449405
5666135114803047
153826135828
9497142474999258
46305
3524267776728973
4228923636773458
5368034883120945
7880626911529829
97372526659408774
48326899997
31695533258034375
640602520744
93349
1546852467723
619315089
62532113
681
93229
17070223580286929
9088905193549769
40168954415265731
737477277
38220393
5051712
3938199452253
6860
882063463619
894203522
21837535
608914920
26840
746279098526
9920466887863590
376916015
77051
487545822137
181791932
41330035
7017303271139
25294487
1748679215461543
788418466421
501171482118
44821
197837055
88187954
480525113299
404752336848
266368181
6523834816283
46391241124
63844918160031056
75758
5856695322772910
4423202678078246
19561586
4358
1261067790444
551672841
67431
570309030
37584682625531371
47047364
788309319506
449760279
75754783958127210
86929
58262628034991216
330316063011
4736963917687720
2722328616132260
15440
1597
6787982597
644966634245
6746627773257662
330
5915906235484
736509607
352556152
9448
477
5195846654988358
9611808154171
4781
65446161
6885468809887243
834525501
192163442
331101590246155
4954118452463
1069
513518410
13266104
71789
1591700247061
7403780834347200
77970
585580859
1522
5409439102466
61847718127951452
1966962322246364
7401
203996256
14875382
3651
713475009475
2003952950594
7425
61624
85457600784004340
55350847
38407247
18229
85475
75050775
4980552476768014
3121177340341
636325355
869719756
23070
6550677442330521
1944503306123405
9459
6419428208297737
95870
3244
6213708521686595
1240
17483
74303
1663733193398764
3811976969521256
6445628986087
8404674024908
55674733
558576975
701365361965
12394
442469640133
986629881
20289292563207462
117511431
83992221837154606
112453941091
618790522590461
12281215358704
6000987426613
39606940
324823384910
75118
75275001296521491
9712337068280326
611979858640722
6254228460941
39293324
135862773
3817068314124
704526942193
89849802145950789
416029363176
5330
348147489
252880530071
652718070
63617592096863313
681342394
889743260006
27105962128873449
2576787669797
687301111
53914199
398274382
6961635026852
94886
2811778442547
42015337
6693556706700879
477587793702
9112266319851
352051906
2701067149549
302591585
3876472318104158
1405062407194
6809
257320445988
7236173900310012
8523311750038
18022292
7960
12847
9992524557330
2946572264265437
5787124317288998
9010
805809693
79302928085796343
6725264824236
2010
3279012024327659
11634
4588
3554
86731
9307
4759296644212
769118800868
5624499133199827
1174674204164
4623871038151715
905869473784
7813180443701756
1461405915451379
8818899914683867
726262885751
806808993
53490
4970
180583346
366607174755176
6295414
2383
83287961
6047063
70413
78939
36682234790759266
6391540548400343
6763072301616
6774818439991
34318489997072601
54016
81022155121662583
9420179
8712
5009232
86327218
641621506520
21144701
870770372370
862
8765673323389058
7633162826247016
42118
9338113991355616
7741
94459047
4401572
6794
56254
9550261127543
63315445
88083
8753852055141
2478128386467942
884677315140
527000209
2671
61264992724
4926
13103
17274182415210516
1774580724494603
5911
4017242619412720
610519058
632192932571
5078221
18610767
151
63119281
90849
41128287491081306
5932756716479
7358
60860106863042001
12322540
67284627235
9998807728566
8022
248726808668
812736052
776324966544
47204346
8511948969220925
69770625
731716498
2148242784683
51551449663011998
266488872
5947132447484
22240
6106706942527764
477810610
155882197211
84981311106854483
56359
90534741
63456
8718206456901992
8976006221661705
5803458551801
2234990570320962
209793025546
22738964940
3903654
8444146
50495
4982061778392431
961858973
2637395442695418
736808832
4239860391162139
3964
6386547834897
13014425
2169037987684
907610030775
36626
92560304
43635905
2084
6447033100482181
482022742857
17051391
3898
2732727419402
22678015419729740
354219045
9583058320230783
79217
98990
47117829
3205470271981929
151330893
39691950815056514
626265140
1906
28260
50904507
6902208396995789
7744762675299240
8359386352441
695817749317
243914074157
9741800392991368
5335
303618680660
946857014
91348
5586262079343
4792702332223
70077168
71021857
8529
8315071730630
92424
48136
4025893089444952
866
8522
5305
233
8895338146586303
1511240093171912
19418
3866078334921205
7277209699892248
8040206877187
7558
43870797
45860236242346919
1397
75358121204088188
214811062757
1067800823241
22818456969
961042761409
1693
703705575
64324162
28352214377941892
83242
982917211029
3406007835905252
6343
487946762074
4583
87112
282084465
973335282
42710
720527674210
79547
4684338178379
40312040052435242
4006697504913821
7132
5321
81656798230885166
35786
3713
1080600405150
6777450948875611
39165
21859693580333652
4931920403119482
515840292512
82061
479729639
94261959
626028322020
5032
529091803378223
3846077342092164
93581
579
9987684343784
53039409
12177073
84984366
5862886117446857
75156473393433788
24598571
15651518
403464200395
525200056
51939077258636623
8934072338831
55828157
842619549
1477232294543
43734266580601068
2413169345484
6946235806435
82124531
3486459726873156
327738778052
4939
447075036012646
14498085076145138
27042573
46910231
6712861376809327
5216903710941
7597789008707
29104473244969916
911503757980
84355
2431299256187
7823
84151
6943
31940
37800814526433487
20553182830222401
7126469249195417
2373
644774967
6308704230975374
71478610
79622998486
3998475636329
342482456
24222728841705881
3107053364470
51688620
54113729186218930
3205616730409029
4829788541376
27408626
40984
1269509788424348
75137875
690343428
230002527536
67933953
20540278196630904
15147992
693
5552
840596011031
5258547
2906
6121154850031
4100566200912226
194557040044028
6122808975241
6238987710674
81076
1562897799506
768621932413
4708858684853
70107
2929
2516
7948231696169
91913227503069792
91974168
513459807154
7720936855506380
27833
12613341
4750600196317
17181
82439774
3846940420601
70692
82149997
8300061477997285
6398677
5602
116034530862
4258
33076
26042
7142495804000015
20884
327597296272
58661681440598744
787801623
85461366063926745
8593664190695236
6202366940970756
1208079194287
6892122010462765
61402245
71265
360720345
1933958821345149
5145676596993
6710757
32972702
3367094002391631
311875638
21003255672
5122547890953
8967067801327851
339832097960
9640232502604467
781296850072
68985708755205091
86650265206316920
7557
50336
3609
58442603
5574210213389
330520324
2544462672945
35295
8918
993604401909
6210
1336619631298
53273755924561234
63032461215853051
6604711199845895
996683481
45596289
6829
558052208453
67571738698757214
3752699418629
7308032071836504
39337
37871
2901283923073
59789
289465830970
628
51974189
19748137758133258
75865013
108626200974
83547
297740936822078
9074837230707570
6943097042662
674234968090754
95715
38807795
5836
66062
9817978732537032
5488861796127055
122081444
4101
20955744
273456637285
368017020
481123225347
180622843
8072814077819593
3850328279266594
2608364
51736
88015155
73441
11351
36861964929445714
1815
86721
27065
268277735
7318330860209
5310
555780850695
25934888438431059
1679879721650
6502538035711791
7825
972403050999
353523860841
932165417797
103289525187
8131
39675687531825829
121369153
62750720
18995067
247525424
8051855721966654
78221132871672641
60007890
36222
387156343
33375
9094168879359
7425572074401339
6480369505881799
1645
1251
367953181755
5757
1712102874385089
428655045
82573
8542284622464147
86464
540149031103
2332944208900758
37147
257527909
99
676683355630
681903864058109
393884128
73401931561639
606199950
9074
7100328698492
81181972
31253
77911765
4348909681223
27881580
17691881331521490
5953
1680959648814020
5739989295803
8462274413923
1909322
2445739
9654383226459
75694160233811177
9318
8429671001099
1740425605692436
2558
556650804
38549509
17618
935409870904
221411490
622803674
5653561784245294
4426609722665795
718530963024
2881
1062
82932
373999202963
27721794397716326
2391787498545986
28418490
802024676668
91203592008564796
584147026
18068364535931867
36291891
4621220993604
3762861037215
27441520
90789929565417430
42992502307000621
1861008874235
8733906604057776
4569
8270
6396
1418159898932807
17727
88566791192201276
463909789541
8662773216931
3218
54956912
579822269
950915141868
4314081279949746
3922172694574
13078550123022402
69995
1195
78278044227595635
9596
775
316223223411
9263
2046877453879
275019446811
9859
8318041477010314
49289347693001714
5358599093175805
90546926
173010535
2662299487623
7632566404248
6274250737990
240713141
4220
16189
4389983451876
7255807226021763
54151358028202251
679106040719
6312711716377061
1079
770354902169
967029525132
335831552268
37186474
13388739453803231
7690
347838102
18585988
27
4920143862849935
594
262264607293
56539389028220708
71689072253768971
213880981
41912
124208275
81090
413750207501
74350162
8840450496838
38990098729010228
2666952994211
6243
439106962
95464146016064107
302515063347
18740
75187304671064919
44809
47852
1553
67990884343412872
800820570181
42045440949686812
22493
890063566
9164199979794
5937716373088
8183430635678461
860694184
3717744531157
11809293092164596
48552680
2376208795037
81901868
26104880
3567
9646
6608235164133632
7526314719223
668929188
15857194467
33803
1658885595210929
2706184666264994
275618660285
7528266074730936
4902021573472
9440865553958
87892
6859697658826
4843553637507798
32400230
51527060
520221811
45547400
41012585
99184
93339
602460873
77776165477111589
19394897891977781
5509363666317
653811342
219055239
969010607282
7221945225990593
10020
7500691318106550
8781763448837
1850660487400
816570325789
64984
4778945817404263
514382055
537684402838
767851007
2077
655783700088
58804574964121166
37785
2585
8524
8365823956996
5227844022262
446115397
1923319621199414
21024506
23913946578942876
24804
82566592270334126
5262073156876181
3799
25899458194403099
24439938
79952
3831537311150
71711830
483257748
56459298931425519
197130824784
99316
61000423655630425
4341757740327
4265
7579957717098
9668
258918853
3646
870953903162
43691810
6846256
409214401
74062
21888
5157
425702070005
7670672031541
97327135
82984713
253070292
65205115655762942
798892020
56493957
9843732919962
189172360
5245716175195
744229362
32119793963
7333736948338
509696721
1319594634025994
7635997405374
82199
8530
976771237125
38727
60236605498
39707
1899417566022
80291489552854709
42322428
226778441
7901
683922364584715
604085699794463
48934345361451413
825599940
173760173
98466486
15598775352
66687645023817090
2505
3826
2294
753331636428347
48246973534394478
1280020670252482
5537
6952411037102037
208765640
98740296
1538609225439
3047756216910
21892483728267545
957773495
5278241307464
374486154605
1762937
2383403822554555
2746
4300017332609
339489400
9697
61543237
173487220
52881126314940963
213779447242
141422437
960266597
6846
38581306975319717
72702110097127591
19107625
4056988914688
2290
1409269
162861701
7328
26517299
6884
3504529893995
962249332529
62868
2597802845606621
27667241
207676648369
905882436137
412125304842
4601676831638907
15627272
71156596
651807289102
7319901252485
6759102907453
88880475085610717
96722715537639086
52371392
97675178
64327997540
425928986890
483737776457
11976
4437942939141938
31028667313149948
15181
1794136173746
4051695
358
928543606623
1341440717362
767362160
472804348960
7882
6299
25634
63357483209417552
9290515864101
34373
106640222948
69658
57942
3051732309506
1972
61318
562529254
2470
15576773508612654
72660662
17832975641534769
120691722475
9506419
40525628
8432112
2583716809896846
500339166243
1255
670688096316
6480509569434
16477224788795707
76846283164488268
771864090528
69338844
653981414693
6517
5585467700328025
350585389
140734706
6089
89969329
82987
320447261947
408120811832
2699
4255
636470941
9691681701413137
9807286039447889
70229
1112136910492
71386
397663932943
2690
14140056824310714
19275
3479294370397
50959172262295690
379324459
394048730625347
14537601
23718494
40946328
18780823
41547201632852476
63740294
17023054
5418314542973
3256
7346
23222757
16377641
8860
7091860848717
778158957
36521357
2865421023894
50782376
404187401901
4390217688292
66010505016244470
3314
9272976370572
5103
422540
875602244
34026
1740999340000034
7002680408371
8487062015858
401577187965
7220
91305681014809830
21190568
147894582
65349767052663158
730541145754
7667379596434
1009129615768099
49306922
568
319010026681
144225936
768
27638832856261575
329633945133
809884
37319930
3371
1496218516251827
23646
29621389872415292
452
2288734373069
648669311241538
54
6431423909497
38703
222686292501
97738456
27536
1979
949687084738
68134
67975
5483059737380192
340665264370
784867102441548
903834466
38450281
319533
5151
7980166789863203
41134437729748056
9565262851988164
8688233625977
763829409525
3832
7733138419311675
932453248
699386423762
322854051645
5531
36615885
8266529579080
784057024423
3568
796164307
19312
33930626896764139
63089665
956504316
1846
2505
639356148
18
9520775422227760
21840534739112107
23095715
9858
764602947216
3082
47579088069719067
58716
3498
9517842347063
6899
4073559116112
1296535424641983
259478932600
1947734476237
90574009
3459768892322819
3042
8094336116180911
4141188923667272
33713633125958348
52194
99051759
5682
8275317109225
8250
5280115632364279
6197214477222
1964
42203203
1117782948369744
1202916419963930
5520133584479
65353687016020300
6702
74112323809
9705
717614773940528
328721794451
14826550218382426
81955002
95407
13675
7054
488603080069
94712
6736
98402893138646596
278300917
60469157458974556
88136622136916172
249928379630
11570663090701632
388532922118382
2354
252309814
42101
839126243429
86880693
65901098110827802
319681405
50627135
3224274729240
1462
7566089300954
533019731
2751
4751996294467815
21131
43786
2030134126417455
873479303777
523159384659
840690455
69062025
122524611
66657
3473
9094
7207847364509117
99883
40726155978964731
5985
2280954623281
251357565672
50519
444409002
4608132434244
1071446612363
2215
6076430990850458
304
7210439002826
90597
1860334951599
1830
7806339300024
69192019
638691218
3130
20268962382970348
71823092
17665436
2943
81777965106671730
2896237903564
600185860160
29482770
3303864454709
193569830
1918
83702
63723549
81374990
9348006897691
655809421581265
3242277158692
562177956279
159706952551655
443431965116
88262306339779296
65884051
316101326
4191132620914
298998045804
1685263738491
265332435045
33128932090821529
57337228
1140
92355116520372919
84259366563324586
33770002304669788
92538424
5686527
774760966631581
3782174053210328
810531590562413
9190
2976454531678497
171936911076
225043666
6624237388738
226120516729
24366
49373178690684182
5904
522522548211
1875264200204
668142745365
24900922112
87397
39602876623255808
33274571
3826701652753
520368
4544238646361
78827159062604801
163043534101
76094391
8747609583326
5687253597609801
5766415139121
975996458141
1596
20152837
1046464971740929
2817408465218
40734452
884058114010
1783
78082480024377815
7039
1627
95930172202782116
3208
2242
4990
124636037
1461
2208
6062
996890688
2084
27403807959397423
6472632007040908
901638603
52284138152345756
6256025730917885
6050197098049180
20488819
73254392496
931251
141690326
20745308
7837236502433500
96059037668191962
9049032737049
54854949411
99621
1346
363891899988
987506290061
60504596
27777670071173868
7216181703351024
179565205934
17322716
1580
9366
236993243106
6069137604716281
40295
4280524203055083
5755
9566
78962324618112651
60523980
136057787641
2957161182269146
3308857413806
5804
99915
280920931016
2917342
3739344084212336
460318872
3356634441584832
3517
1063050809282
2579210734
32582
1711572746655
27481269
78950662636263134
6149979003281684
731991187444
65077310
6380
482009277
48568957
8640818512922861
4541426207044841
5388073875813050
423048798998
721096581664
931024090992
772130718992
181354815590466
236828977
106404619
644
23149
2866006020550
34760338
826825856
62479734545611668
46975
74544744
46047270
54840
7954
640787053425
47173
7637541235710924
596681222966
441521797
184
1271171087892696
411749537927998
996067827
86720615
238193639003075
87993238345612192
5309734410755
6686
75071521
55889042139
83821812196885957
1425
563512439
721164337
23532
8167
4112224921635298
39000346
6171907507728100
61927955075642435
121508182
865713918208
94565493
38381558432261001
71570319
5693419588017
65837
57201326
743621895775
8439
35165609894982959
2476
29776
675117448
67178190
683289442120
6349270753179
90946912163411125
43782888
11102
89451
921754160984
6518235409475
7832623
16724721
7522
7352244842812
583451751
2228559351688
71062
55349
17760071118019072
90822621
38504565
7924426039344188
4470069506140807
649673559
29912
536998210152
93904526
2301
4696914428802
9095469596494
4526
570371362298
21050970148341060
5962
20636444
11958609756019950
6279962808905321
9318
38157452395566646
524175212
91578
10157640
78005
421506129620
652422065
7263776056807
72710
44831442
65703
76581373500307997
6740400006266155
82931686517640659
79644
644704313162
818334347
273850382
7797986387199073
949229594
1901750342297
4961149599203
2727
983657
3982647
16920
464459434209
389602853054
59074115
27545
6182668506155
1091214944764
26767408895285510
52798235919851867
835649466420
8332
4550
5512
43411836080579332
4759
6796253405008118
9205264264774854
46378
7101
125
8144
98506590861842172
280782960889
1921
713602409
9616758395801
6922093475776780
40371964
4505724496564679
232476295237
8186246686561124
7191
4297
5288348606513
6182422451879272
4267
9030112128751820
32704
6743
1247365726697893
60821653
3679401778033
19985279
89958132918311933
800
8307387013799268
6015473151230231
778784439
5392515966866553
48892399
363933001710
31243360
32341312
70298
4672227885139
8925963510071
110925271
8592755945727
793336132163
3655
765786660927
4161082514326
5061
249619798342
5625205245696572
5511
663786935328
8150459621099773
484791911457
66142513
2760016
57284808882560168
302710807371
75333
733830437196
81502
51130545
149329806722
81601135
8694123
31361519046094487
40163
1657
97257935
892315707
86268799
5976587135382222
1417
77401668887440761
4138
18179622
50293340499580860
2696810040131
85882894106407179
14235124
56139
713821946
612092192
34529723
524253448
78670
570822107
4351
74493587165308476
8885
84829
8293
4696230744848
48310
11457
4203441686618165
124894157
2611
6109420315959
601611520
5019486938284400
4016
32
8351485781053
2605172506628683
200700075090
651270424917
1613
84396
1707404913276290
1959419975016294
113556191
784986281
1473861098268330
89513859738243744
233430377
2490
6531005371314
37726940845246140
45477880256948580
5027
39507435
131226518215
13448382009661967
84274
92091
9912372400866
6469696167111
89859238
397940454
49737
187905221
4025335388916372
9892901
28367506879693797
95470045
16797128
47391168
2741429935940
9577
199
927180400718
52532639452809282
41783
423719093369
7764927181658
434228092508
165578138122
5705
75788522464369898
629332354815
2435267936813110
2563968802947
565061213
992807626
7602532297095
585665924568
81931131495109867
1917
24002838
71257825839934071
202621214
6956832356923
150344134419
21181296567561298
4283822
670327997815
72209195200065483
56156630076255924
1084
40750498
7505
962780590
43769175
920904354
2368146914669044
467439126
6766751567328
796736417
473681203
8835423997776
620315598810
57328
5339
13182
17510630
309244819797203
739993599
48180664420091402
2105
70104606116532219
7186487640295371
9883735082883
1802
9364039530937
2489
2866152894344228
6184370229833971
209005734
110660410686
21750
94592378621
47474197598700035
8615508497279
62886665
38519487
51412145
6148
2820096771594
541167250029
5410916841195565
738181636841
91981
7675
26388850236171644
2461068424425
8199
168327952
6324214300882369
13909
96449733
71219
401367100
439125989
77923701
30655560
774374198895
228086560
18385
509852898342
85809
4801
3606206871466859
2169
19850263952704799
876305983
97242988
941134298
9824
324226072737
4389589360121571
7554486724248
70229439
47280
1445144850556937
4042660447389
8683825917518
7919323750903
65423
83542013
147142736
16836911249823927
7586159608016042
244819502072
71598502362159385
2537413722830562
488151780
8671
195
38698
2549862526744976
1394130564507245
22875602718702903
561933218884
397838619408
1086617916420852
8293774880964
998332163
98692
865202110
1284126597290315
5984865977481409
65075446065867900
69123716081693923
1542
8649
2733166250574
51459
428288080528
1947161137160
9666233312558622
54732
18932853
8423146318669512
3697637487300
285383276821
448840768
1204
44801502
655252915604
1474050979588523
3264099009350
908748769063
9096
5078124026435
61357
536266330
48650
4395482700698
16901
38633182432275631
6156157146994
89
3942712831515
4245053514242659
1899245446570813
8999467506712063
9782919
81884758
18778
8426
61376
26465978462549658
51032
8600142365322
691564788
2018105779668576
3032065081980
751300570035
283144480
164026176
85347616635370752
262856199
36
81578563
9537049160301666
22141255
289102321376
18842147
909873799053
88706445
408708080133008
63832978
604231424
67386
27256519
4226
973114255045
4242263852137610
4865893260216358
6668250839861221
7769059732236
1882981268679754
1355384879586
7928187449499636
904502350
6527315804955
853012334707
95458261
176947354
365293168
14091040167625288
52824325
35301945
35142883109354038
3818
96636235163274397
5646364922925
81935
360557111
42588693
64279418809018283
76047632
1377125693435
9598591638085
5174699242501923
12141832239220693
769
82175221
103166004190
13086869966208746
53233706
665006939
34209128
1763570086948
6057
8131
47591975
78792590003840884
2370
8748224048487286
2362033475617
18212846815957244
54890
4470892055507
37081012
9675769996808360
59125
8185332845237684
448003931670802
9101381321523
3181276509142
87240
24777
8838
6059914951104541
987900646937
4215
19475
432721033495
174601998
3030
4668
565187104
7707795578236560
