95341
37710824904318525
184503074364
705321523406
51327
3109
11261702
8682
994253711727
72009920189312430
284012114
7271224514010
2679457541295821
89471150270057610
70990590384642620
2376
303720320515
98688857005287202
4809
152967510843
47773
5217
488954294
19999965707581106
3960879135729
973114215060282
4762035242203
3064196399656
8250
38227
1104
90164
6177
38409616
12190135
28373516
127857406
5378764809533474
4655585705886499
23190193943
1520464685461371
343663192575
224792181884
8044
65651034
4392
99675185964339628
2602033
21618501
25373481
93268
85750660896404921
2448365449311
91577914
714579401599478
229164682
71007
90406796
13964760
38916085
9840
2442851289635
665358314249
4662
950214136560
89667569
92017
254813092579
9209780532864737
9851874168240751
7203
1429386240694
723330625
25820557869117996
48809993338446823
2624415
91182271
6302655340972
61318971
75732080
2329124759322
774658889
3046653604497
15319441
2254
1788647041819
8782
254251405
62163681
38088005
949708976853036
2452253005723
25994
2226
87098583059138553
26619
17528926
7685
415230618
49828139300366734
86760750975626699
599876062
4165177
73877702995622833
41899229755444861
6191956384760572
7904
8315546300504255
317758374210101
83200
6009319687985
1643835722324505
589427628
532362524229
43295814
75811
322103581
668256647583
7050124772370535
7135
2229975510833379
8779
2429553551303575
26852
5600434967471934
111597801768
53846
2492707
7987
8049849931513
952018102287
269785479521
82615095
9991326644130279
6945
725642376196
11498
626197402912
75507
2540
304161289420
84317764724
58558436
2427772
66472
36462303
2073204817042
596522225
25943219041653089
539137631
2761514384594
94468182
2300
908556913
794872917614
536730929660
95781515882551979
3243305335735736
980642
80591532783652824
2677148724956
9208704434255513
39611227
47614147
6998512848793
68007
76250480
542003075
3738
5310233518666
8190021796221231
84660
9302
209361126795975
422270770
822406740445
35588085400231389
356020885346
357395594350
99412247
9539725992744583
8440185160260
5010719410860
88537721843935
2731
93879
609141571363
4830305461674482
7052
2730930734844803
4972232389855
71514832702467082
17880
6240757282540320
2414291048509679
66893
285413483
2141
86098012
43374
7238357469058
21274702155482917
15602256
120844441
197197370198
39127
607
2057032111521891
19354144
265652776044
33112570891481100
14539983
10966
23321454
1420389830048151
1727
37036
544
479676662433
4579335607092
5772
95007307881382763
934509962266
351624170532
5461692
6431779403360867
80296709310388932
4873611658233
98930
37905093
9659
167418941978
7429821685360031
183004373408
51117960
5333397720413
83647
1223635834910348
5514846830902
90086
3050
91739
767787071
810
53011270
4986762809702
6191192251943
436703482778
538328843077
316
160820996046
684550293
5060991295416
758162620
9979640794349
1911
940067614
570662770
2563
3500241487298455
52237981
942409647
155602696487
715457620015
6932
116
34697745
10612744
1355526007192
3555294349638
268065737825
26184914
4226298021639462
7297
685
4609414898430401
5122330041244938
97808
787034031
3174933392704
2032329551977
2182628509128829
481251047
929107110101894
4602800116704940
8171
247310325
5791959988513630
75290
625297081
3303959311513613
650974719301
59984901
4886037104273479
10150
2312749146973109
112623939
5864281112359447
33236802685
34095448
886516807
7930338805797355
1416932793468
42332715
38694
61206
17213235709115942
1557
229103466
8131766188470
37275
3517
796668750694
8512466320786
916743070762
98687540429304104
403
6538
570578475569
5489095507047672
860708937428
72057974
523747386443
861389719
74920694391722767
642
857997632601
69170366661347659
12251
139615658
52325083
66702379397391400
7465
2574724037037074
6988969670934
86649806
99488810358892385
17596872
27433070
8162082213188880
2123929
19435012
3488
966143158708
34570
2526092093521345
2824062688845
6435
33166961
428816011719
25913832801111495
1105958030085160
647973378
993752852144
9799191771435656
41865
8392
77106799
96547886
38111662246005763
63530563
861194154
9281932447125381
751157829
8675
59235173081350876
30465
532970358060
36294
863466276279
4488608180923
46156933493568510
88538
6848801104941020
35461173863991997
125742957340
241069999130208
55226507259430200
78844053190053624
7214
2592204406061365
68124852
2168692209806
665561045116
22805814535261317
56621265
63781906016113492
1444250815609
68881964
546220840
1625017678340737
1380298718266
671424132554532
735711451196
22617425973537212
236445319
7916
105125003393
52566338840269559
178618311
3221
348681873
15270
640845533
13557
9248576035133
970645402520
105578940118
25228813
277403935
93786296230710169
1074118620413234
2618335
82851581074444670
51532759
62636
2802
6415904539062
21969
39882568
8323175084566692
874485497906
6483276140753658
5967756234621948
339597133172
558147342184
304209423552
965599373
93960515990470061
1503531923446712
8725834111925453
92753
45286
873448822
245639919715680
84870992138942069
6874954779508
604696652
865623478040692
726179590038
298556885700266
6127649402001958
13322111909575738
1676
6169512245067884
54171071105105329
953783480368214
25162
8262519476334
213244195504
84076
528679282
77002736154225642
70213
294549245
10433438
32555469184889590
486844759484
33794
67337606
9371883218149103
94503754578279320
59684350966821548
2835
7514979332201
397712451
139128089
98353501136953766
82364
28903691
4784860074100
13222161
39595419
9193563820641727
2165138809188
7422591114074
58599
7028706376869141
3685
73733283256031626
399849630227
5089467733940
407228866561
46126
501072606567
2410762696
40992708
43883434216493973
222457667729
9059444
446787617
421132224490
3114782566263778
7665009381346130
82086671
592129331567
82850786
979354238172405
66726307
1321
236596350639
4187
9968975241204176
1516
34673068
92792135637664920
74193953608595909
824762789
65804440
46231
7242731911694928
13421018905138663
80960457043435467
61596860599460895
2758027742739222
4852155690658
9283981489009701
216084454
745694115263
231792939158
650051928
45077
277285900155
49538551
36723749083270846
935078902114
9872209107416346
3544925086074439
2711448980666
54526
15899403290739746
5794072
199618388
37834
50221646
350758280421
297548710
4897480384430264
1957883538292
1640
8340
9151
2313028871146
1902
5801
43666
77152
1206
82785969700310873
62080436901984336
2361
56800616
1487
8920977951141
824498063888
295548000
1540669174382
1378209484645288
50814941
318645265984
175895396
61059375655662755
2154841651679
167807552
5987113692932
2511536802248141
49033
533317859
794302546657
5173593413332250
41570898397674179
88727989204
9332648999951562
17417
88701
6782015429259574
640296799
7469634348756
989325429540
900163802
3463117404542941
807932286
12354080
9102957056821
10033255
740587236
2855
2166584792891
2633091050896
413536742350
4063507
5381028312551561
52347115
54870685
514263899
526089597668
231302580780
9232
61380602
86837847106118772
47940375995885304
95567235
38316
26424
14418
37570754408636029
8223342281604
2106231711429602
38398512970875162
800485567371
33557874687105863
4649102290076112
3902
915859683
65619205
9511
3148
6827460508437
9642635481159841
652905228
7860035769509
8732653039165963
25610
4144289518822629
27527332313551296
70541
86986796562368927
718305617021
4520583491360830
70183431
541259210
995940072411
10773
9303997699886
3311193
9414454015133766
18294005
8281430700831
68377
6080
982199200611
13780220
1161064404145
370370521
54849955
8665702733956
8029
2133
5037
9930348883026
48525869466269552
47310
2205081
65746808
3541176488203
8709323498920
97448011
31817093659514012
9027
1128693310284
2217922825914576
638
91911
9412215217834
9475048693758
115382179403
137672874750
277371132
523937300
29351288
2983812945251
8010127016700
31737
221689927
2943056509173675
60816557
2136
675226838
6885118241845
60329
97184
1667
7322586822768319
7165738873626915
55596475196706463
4201670261832
2013
1274227624563380
63236
666759829
1469724224815523
24752575
22419
589104982361054
7483
24944694675620286
124914169643
7352
1740
1381208197916
66505301
273008706
892742950
868946815
470431314790
3139737678035542
69578994907706931
636420620
1984214333060007
8608907786547
4860088187759
2573935396603
425117905999
52421
42327
2637
286959360
9269647488412
5094966438095
39061400573
48951410
7508089171981
37553681443026493
339393192755824
1874
48329
79992543176641879
6939
348905976
8120046674433
19208
270544840876
610114210137
919492374
743550811179
397741527
861442258073
5713304415567
261414600168
855288574633438
88093081613831585
3995990
50635149
3796335268838
188510336414
64186461
829056779
10319607
984933208533462
649904514165199
56257
89541030
1168838306031453
2132418397861
2592267039892
1113718638492652
21471
18264751116082525
23861391177081466
68722
9326
5971
4410120260827651
37218017
31662674
47885603
3497
397132477
885100675
185785541823
3090
1743
7183497433409
36842
2692549593224
4598930298745306
3065046837427
470436827979
3920555245177740
39405
538
112774380325
25435
7477630664424
917653213481684
9682925280944320
872331990
3258
7112217720879192
543187491151
163965469
5769
7411610103699
11225648749460079
84319647433243003
5629
39816
687868447585
21141
9358096306013
180617352560
28553594284
3905794407700
90890058
509507380210
3125
64002
81752
9591939277522
6560
4803
9647
8115481934340
562479584
40460646878968774
249616144
2177733912257
88390549231708452
588357931267
647610368
8732
501
69597208260804781
18279546126399406
1747047
87293803392140902
6653652756389403
83371622367
9981918168943
461851000
332995046
6790
760099556921
986634571
86661
27314648
894041282
30027
617669950
460335901
6558266231266
2996200147532443
181444110861
6881079818975220
9167532575060166
686669748789
81062553565451849
59505636170028636
5015
19387793384504333
48598
21444544901739340
663619773090
707806144
4075107049750104
763790464053
18390
199056553527
453081162046
2804210488749866
5937307831816
2990
86811322
29501
27185255
36304538651320099
489342663
62189070
472186065
3617262553497
42866284
15682
128486984954
65823009644
81072797
280369259164
882915292160
6632679672261872
84747804
52061415211971010
702761741
4998307420381
4344309928829576
942367677
115288618972
992234212332
529867896
27148444380288507
1432045710961
219883809
1637260212565769
524416389230
227523360958
609147857
25966109138385363
340341341302
58755782
4029
806824011795
6699
4371352921831
4681571495327
8594895934409668
99005
19378555
555261241811
3861380272467561
7172849756650108
74143
2323
560239428720
8035
4391
66879634
253679001318
6919544457900940
257058319289609
22537587
989633160485
55823883534
737173740857
9960
43806
22287
72590
97982
91526592
587156819710
677806480225
40646120650953015
29905
967004046
10539980
710805365447
173097444
9858
1870930
65582093553524608
9572177231188
1168157284647426
8678471988747881
2706305219121401
924790458
57144
1805155719299
38758615
4968402742015
1719
33781445
7171
724317454413
4842041597984
701013880
4856
35706398447285732
15600157496016158
3459308985178146
4090205317269307
264297654670
4016878519385937
248
18064
7776727511902
81057
8639720168418
8589344353315952
2779599193058
153748744017199
24358879265887588
161419188997
393576790355
761
765186007
2825832973636
3606514693265612
56544976496
19897697579663968
36152
39386
26626191027740343
583951034
5778
6779967607507
2800751357126599
39887591669346485
78732214869800650
281967654
32444
28915268998499406
8301
66718921127703779
14968
16893012
24814580
941067122993
107653754235
22729
17178
91031063806462119
32839
7203997548969834
85819
32381
5990666325339
2748
26357678
6183
6354160909234832
447263915249
18353844276650752
8750
55161609
619016941920
786648637055
71542
5602191581025038
14504258308388139
86861546
5597384585014578
90618
29458
69369
29224005
2759
3354261701170563
32096306
180394483664
214834793561
3331
16854930
445302562540
5905
3638
1680
149428909315
757541428
62275
4118730952857207
64899843
2591110023290802
91542462203
139909383
600433910877
57405177137905342
14172270787502815
49507693
722155386
944378704
28580660553803733
20775492
688
684015092
95983717316457159
1738
71597
8631802147677811
463266819054
22336934098156178
6655781184827238
83240
1334638354287
3895873030039
7349135636221
9229596368237
651155233327
61834769894672475
62622
510245474569314
5707
60552000
15728
7971539638981963
950347607
31851866
13023238
82472
28782668977991592
33570383119651301
93401
78528267390321263
15077
105024432734
246306860
3953307482638763
2283
1903093518781
6810039782277029
558365013760
60276379857
6978
764534643
700969724483
13135
5647594448854
5542
303598683
17268
5481
1718841064762
7191349
9743925123351585
343538781183
27510998
86684605475903263
294995644949507
92151868242499137
112324432
35808
305525353942
26636649227007497
14713981
22511
24133126452808508
76666
53648
8252782349112071
33399075
567917570
69482363
314
9361236081909
39744923
21413484
22355256850292164
94937930946687344
613369865
863264570248
22646526955079281
721
65923613
651365464183
557184174210
3460
27314
7028555328890354
4823414572445
8464484025303615
70193
220857815640763
5353076373462
42779012447792708
2384193985991
38791207
210117831002
414395970572
5373394138647228
537555625
111426041010
30895840
5950
2830671716136502
914880221945
218901579151
751994024262
52008878701317707
86564258
9430
33409282091404436
30368
177814988
48979853
7413251706374
53795
3364
5680
867249789665
964771315
69805
72650314
93165763661204574
367071178322
77027581
45051871
783949376483
1087
5540829707018
29235
46697
4181395364340
2163184565760
665216859
293521130766
28252734
7037298585591
445167066
98500851
827968932
16860375
9706118365462067
7973182309157
1176594257195677
52876
9596815543516
13674
50652950
33370621409410747
88889581
31533
807202407
47471801
6721
94019386
40652807433850337
966
15411776
158
17138
576919910202
237672843
490113032190
2351818304379
952326880
55518560245070348
18878
89507
4944651111296549
98795795449859830
80929279771
441581312
5626418202006231
24662253234802988
496558060
78417
53425839092919817
7565563691912
4406960626822115
6112358447404
8145718352368
171964872147
6280
279606324458
530
8797258916086275
30657002891709916
8463075370823
437451391
1860428926376531
5406372005389238
742471715
3586
76149836580822339
28216
5741457359766583
323884064
777130748734
22009
5847103239717
4865890857687
558
53474
78143397312620234
38782
206191034
4472023551491115
843036975816
337672382658
6864
9710990607913
689408690012
40592
140777300
14439
2112151569339
68279
63969
24960686
13991154096849643
26087970820438605
28553594311498374
4388858592266
3897
40921166
3676
245562497
12916831948456623
736991972
877339615937
8668711807493
93413819
8952
6860
5345638266512743
96959
122
141768370412
47931
1011
188563884
422043248
9492
53709860
2956
9836675
1577384423825266
18299537712648296
4947126262314
4253
1999106761916
361144992341
7000
3258516214883
5139
11199103200
27875083
1975
990536350
1487
412421207
80434019083
99419439263988237
955746192651
586128336576741
3032701908929
4883493618989
7557686200586
17825310462467600
51351373683077889
113724816
47302502
63419170
10987741
57401559838256839
1205
9644481987903
727341291426
9501
1363
994184949
5835343271841
69880802131762162
772214750137
736405733
41498
251300352
218483200987
271653062657
31892013692294612
2436
20859
32982
85766
6747576838174
92154667
3632
7081518417961448
7761210735171
94437656023216145
25067
33855286221262326
390121665607
1539206166961
2841
24512
985807045
1700
2720919637254409
1649683527718
56284
665320158652
2668454157061
788766229609
377110216490
90421809445
355248007750
9564674057396552
71802965
833198714
2725756
1367363
2993448950297928
137471891481
892239946
1851
813028110470
5071
80858
3299777718628
9862700117250914
6807
79270020
4390104
293440208
5069581505353532
337068651516
973796814
18150633
176121989
47463
17136987572172922
2250
113870535
511064484929710
60807442076479377
7761577161086121
6892095182383
8099182559911
31781
56517841
46037661
45077194
68062
207097956
9418575573190279
907709638
27681799
6456726663081
42791124
6965
1059389393084
5178096282894385
350958
40814
415219232
610817311176
3649900005125
93489
4879776870110
80737538
3832
4775
2925058462410
29369
380519711
90120
350624373
8588263641187
150523891
5283
760
447252846712
4567
8802
78528688
398213154
17110072689732575
9980122849131944
8568476151112
928214596157
55709355
200751055
9344651712519
4025
20442
200791941089
5178290514039222
4197010449642
946602769
4949262636163
2181
6576
642611133
45963904235
556395015
23794774
16800523342620675
1779498120460
38001373993733376
84426036704234620
33187
45718530
995470204587
53393277607
8396843008811
63312426255738585
44260270
344310526
88113747
9513365
539043684
3966318257354
66152
6799
2549146145047642
9093894987947858
705143
1317
670383275
2029
1612950087571383
488454180375
579413992150
75999177
8129333621847454
450502042045
27670
204326940146
190914983
8164480980892
6663274550422609
477027607
91704
8250563003029849
38153
63022
32586
8299258418748917
89799555016764476
862351133
913868869
90795676916
54541
77056048
47799892631684120
435
76552431388082
85
51235
3257592252
9597966002192859
254292714
65230
16036021103804212
4065206326267987
917951395
357972960323902
235241284
2047500867251
82150747226490272
280556
7822
2039317533769
17249982562042754
9755
55342811315618351
533559666200
24360657
3624
6954647212256585
16470852
380244767
489638616
6047151490657978
90417950
294826412126
207507788872
98336567004860090
752290797870
6980214288486
1584
956307625080
830846176
18924584423131462
1939
65434672240622457
9854471627811055
1223685628213155
7926587417162
544180332661
95774176560651241
7831
92393162
13358975
2496810302562
8005021306052
6882
7393942802652685
181868469286
5200250
9908137020554127
16112902
3896199439712092
896612566
693567312
52
1135218501190
3279
259670917275
78915340
175543897432
39793575836466103
8532
6040227966463111
7344794966703
12577152
16900305102204762
50177147
64022768
36136776
4975
89248
2957466346824
1972792
26268
1217060064318680
376890540287
9853
6478783
3116
5779728854071560
17028
8701983770551575
75518426142
15427
7976223259304
30278270827085521
32083126927200680
50106748495883912
792901624751
25465192058169452
154110557874
712284339519
36870
1518109823641830
39272
222120602119
916426065
736560695610
6270603160737333
68494760
18297610
3784887025231471
586758899
20095408938513489
51793
52711955
5570250224038142
44349
3472432223588176
6838
6358159149675218
9441118446017
69655069
12478243222744438
3499820700287
121635359146
2632116659038431
9664323716587
82274
3720
88776
5876403700986
219817880
15980901
8234
4542353807633123
76148114111679176
3228671287315
99288
8641923
140300301054
34526078360232725
8851854009837
531094647270
5591895090617
882112516644
7425661659497
69506836918131439
25736313330231839
967
20701
747128578457
520
148297705108345
6311800414560383
766066577413
17108611065903257
69593
562885987
8154323
54604
8626
46471590
8272120345971003
5307
3602
35114360023276199
168993887
60425668716116121
852933183
700594453440
26721549
731428020362
50443
12908
86777
1871
72513
46924043230143567
266903009837
97950533
2833
850388703111
30108957
6838058389109
101446897452
85097
8140
674982763992
802663301
768164382
78021957692
46276563155756117
691574448949
49407
621526142020
494226935
76402492247076680
8396
2118
63222434703222982
45283413189656620
20543333619929144
1764
638342604690
38257936
3163
27932967
27286
56416866
82628411168115677
72520670249983908
3174170124200
346390575
13262591011478169
7803215070085
981707469
16617120
709510643
55820
182953342023
4869123369198
7151
60514
6960326739078
85223
354448992079
228129271999
6403
9203
4690
4235948416572647
47238924624800815
6492
755496468
41718
2752333330457740
659312233
759081144
66293598
72496028
241849439293
900639820
3642020485519458
20404600158
9779612568656
20097857931107418
691585343803961
366065196
3705698502345525
22232
707624326477
19322039517214549
5850684872598
6785147753176846
3929604248689
344026925246
68725631
7813
136788645245
772
2530
460193562
58931
43951835
72947130018901793
806227246183
17386
1566641132271
771
19201244
2160763582147
748599164
3240
6826363662085152
1507719179673
9823
33768
22544674816215489
9771
151719138334
63705400194482417
49900846276082973
910
67493391
78273
767987471765
480764384633
46977063
875
5736540821575
85299480
8312144925867097
396805430
19735146209535202
724296091788
5515
3899844318173282
44422921
631646753055388
502315012229
53780660237916150
33
441
4056
2818
2791237723821634
603102740
5999714227379
68116
4373221912448586
2393899331870
93793551995798476
58418872528244552
5031060831435
722084843
94629190152
32643
11403
90214
42784406
71227483
359750591171
26527606271040320
4759
458741049540
8220655003772
724720999033196
953787924
953887
91615258009
492642321447
85140956680012761
42698997
52674049
314071744
11881407
14065
2845052295366311
7944646
17969717
6958
625081336169
880151186870
2363136702792
666069165129
398277837580
6450068325709
63275415207473567
40878822410201537
9349167758360
8506766297030449
95861444928753197
42265
882712004
18237077
24389005
9753410368884359
6241
5513
868584
88619991
5254
2197134312809
635963093
8417628174933
11052741
40859725
7128538365067
7182218071678
22579898
3364250407426043
231661113733
3249465794652900
144771467021
958587557
81950420433780239
3259
231482107
2515999028705
846599049
37388374
34830868
27244
6368
2499
73721381091178727
3755433738184
2765082157300203
789820888
8054268951000724
999688506336
4680133621405380
52464752469
714455863704
814003601
5880240333983
782635365448
280535446
60969634
9366660264214127
3260965208182
8770643033629
766612824
183554666590
91653
886821387
38111212
5517185
2347
779922442
5152353647988905
62652631
1147
43137525224846804
5561135111261647
65512301496804167
654125696
945530783903
7002490012506213
2369870104151286
35523
6458949766207589
21388707060239848
7912396946932
5015214991191
2133998328068562
37971
5555112771672
94911905542960689
4155
85807054
475628757518
50541635
6231
87852
717664131
81321744
8495413839438
3578124129320169
24277
5543003580816
93011542663
66700681155195460
77
47270
166348851665
65932405743806290
1006388812605938
266474207797
8599385510099
89278
18667870977120404
93234
7043262983496
297175402795
679562660
50593200
2521723152403661
8933124862057881
130912277
79992095
9502
365321356
4628544440380526
90411508978970019
874818385654
3578240977394
6912111433052
35241957594039347
2126266615013788
795998648877
4113752306652280
671246809797
98337901
591476409722
9059676569576
3949
68954204
477733901028
223489008
50254160
644316720675
77934
86349874534509602
503075516796349
475614820
192887115626
70520
259862341154
4601462959792372
2924
9140
926790662200487
7400154370307
46722486816220508
17144
83602746
8765
1909658670873941
51202626
102
89851962441991742
87833
57018728
406838938
1663543990334
960614987
77903797975991854
158007164
5540029926551067
2688866962000
2197954449078057
566524286
776873255421
8636150740572298
170553241
98673
3254
80358408
873457110
4606
6151
962409986671
2743
89495
7515985883601070
17195659
15703074460484011
55581399
1498090
85585939
7802779
39992
1421985793102
6479
2073
807534041
1957
5508845032054355
81940
238
2590
3338
26829087
2304106908380
347890492238
9525216
6092992251162369
9493078663770
24051
3807559076782
8294188272116033
4571
484404286
3301
4548
96180931
184261361
89371
40544
6505119612819829
1414130620846
32211871
76677
2279254
6846
51220581
5597189461078
16565605
7717
87176132
136709313
16780
630658059349
66034512
9809639376228927
169826085669
9342564081510
351401341481
68121061888
25709
585947544180
6823138077972
11999
999527187
970191301681
254660036280
1639
4906335802849889
146208048
767
61821743966044902
352414537032
463010076649
42406
97314
44434613
34229133
64114851242
57548852981017041
5841401012517543
11114099606786312
162540896190
110216113
23445212729174710
257650610
9149558690480582
980068792
265631022738
3759
80427845
2199
1198017615131279
21304679
75688966307600456
7493088707372
1339564071873119
44360
2258191594458391
631214264194
451492757816
45646377
60902231
8909
1179229350779840
2697096780454106
5698
67478646
92992519690
16964992
1626266374883
541210448
45615798
16599
9058
892916456
58926978
92883446
53266507
61801035
20630226259878946
892652331251
58622615698215228
2299086502203736
19512459054
60606555775
56174
63025692
75245532244949196
507257556199
1043635385384
58162210576308878
3373
8268
12327372030
180321513991
46765608
3509451946273
1143175
8490
53272
187462857
20252003
1019246626953
356826206841
2247436993099615
98520006096828766
57371295106585211
8940408877385290
4175276757086701
86806333848181740
5162195835967630
6175
4025626935463849
345941229
70413593781953632
91180705675408929
76157336
27370744
1407656619329
96661
57656340301
1402
17604734865436681
2288970824441
441519925198
80430
23751283
800804096777
77832296815513884
1179
85702185477397171
50645672158081136
7567
4150250908651870
11695003
382371342235
43906
843021733
719970167
653121906
2603
12440081058235798
9543553267545663
7588696224758
677328209
1830123607839
5304828764592287
917951361499
610578
46366
49556103355042656
854840275548
361654721819469
6188
94717377
448424100243
2472
96923
469308628382
821657580907
1142
2747
9221975
695
71751643277295817
154661194109987
2777182741015019
63567194133598914
6820
24256
1626006704496506
20459150
607243836
49074562162423450
1144
9445780549586538
15462571
254026
361601303
626077031772
5900
113811768
9506421244401185
6426576813561
832784221616
89766085369329759
213176103
171
53975
78715905
424
9315388071159
63041971207155215
15888006
895612929
65757798
267570233
2981832308252
59209022
82612
98171417
27288
4681163496741
2120
2185
2976615130885
52032003
89983284268
1926
8538131170738120
5829245867221158
466777278
2258
99073
290601673
9289556583287456
453
8122
5267
14035350
6317000
253636563115269
30796339
83317
8953085690434
54372212
907177464464
1110
6628
47055715
31552395
9200962764573
103113854545
3667756748196382
440638714539
8705
4543
72860915942353156
46812
1377
6987
786893482532
12643
1261628853992
26498184738447991
61873732
77840
566370444173
634414771
486093342771
82344416
25946912390723030
903591133258
3830
77963
7432553073400012
98240974606864641
154
4422
3206730415391
66690
4660
6934648506782068
982658199763568
58106
4794
2606
7995
954268650847
329185955637
966339841471
7613457116311559
907455885745
36773
561169276900
29545209
7394
3403
8358043814402
8091
71487
4149024443870518
16497079
3037
82882
1571147352902436
9116084646021838
67881287925647320
246249395854
8834188370310665
387292049835
96473206847497632
39082048856122080
29115626161896946
38666457
867549291
59491
4041
91012
40703987
277920041
5900
91030
74410
951348509390
42341839
44798325
9901868
75810238449440024
394785898356
1531388873151
5403095937917817
3325
71984980757118936
6641865124023709
31207461
4011
1819136503272
27707962
9433148037693
3499
16591077
5193
23286
2562304165428
146629843
37099364
5612188056464
137595636
2674013504303816
840564526173
848116812
65279527341390677
16978205027300960
62128
55320577
2298910506745
9261676944319770
74286
38297745821555710
124254609455
28
3587
15071133826595311
9536524808851
902555801
405
120727254026
87730063
62848758
7966742542635764
64952906
66503924
355702338
7286
38772
5318
17090659
64371763
2476425801426
38316352229768292
5184354391819677
13739
4638045298046537
1249
93770741
241089311
949066789951456
7413
217
1973516848486
40246
16720420918175940
38667262573310043
4595
7013
61230533500058199
2242035983045353
47981887
6714886880826
4593
90218868
3488731944809
25352
331949302912021
327032443036
5815684898917
35767
9833135132002314
173647974612
7342
98592705507804564
152898274
96530
8994356384395774
2304811108260579
4444
29228573
15975
3255
44535453428525792
66223591
8792018250138
65635
7080469916983385
229160233854
46331192053
8876320044883795
5822234459124061
2503422165060
699179019
2306515817256
6420339998614906
7361060791854
35986236148869243
534208200
4221835203733639
103836681619
20911968
29238097005
47620214813903798
92874912
719122723963
5094
8727773762591
930
687465357
3147099828434979
1839151214426678
1954782512802
45588664705021818
425360682
879
60066
7277639548337
209600127979
67827605709907273
287814479888
121168253882
5474717211016
80936679007184418
4694992583092
4479
4299244311395469
1119
4824687138744118
51915236
62583558
267594992
27551775
61186291
7814512108263573
14061500612556758
8152122356887
901406389
8304
4855068179894
9136
1339131160096362
341
2440144394849
1639891122291174
7145666148598505
12708054854068262
58263286
36079116541114777
21740
32748479
300321964777
414089988
258
45676597
640
756173956
50306948
4149874140942434
85493
451378648844
141270955241
655071625793
103829627265
68756
5536404976270921
375798654
546700164
315947677841008
396124868
29720750107818024
58972185
63595837074528319
3721216
2839
55151506
8184252531560842
25875
214292203
476755588062
788598976024
3500095262664
14885292997149688
6648048721932995
695603768
3879
5666846527073
48908372285442278
231981112215
40207088
986871417407
1379989683931
58848216335306691
6759923952175478
47678171694082858
1670
11459169
301123402
93396355946991828
638698156714
893686384446
42114674410
1581
8939
750066572754
35252
44077559
4004773654418
548237208
427771657659
4332484473789
78522
615377516
8061475956712
4019443254819568
537440299950
575358320147
441835954
323122726636342
219609345327
77121483
34651
68609890962826815
81210935429022916
1731081561613
56889
67493995222
2865223532936
8770751021412530
669456952
84145
814636733631
675023517
773116530
4434558321747
540345698
555549295028
684129039
108024211
955109672820
614968474
629823637
9580121672264616
84052
2077
150861978951
538371802216579
14271165
6054
6853
979619854120341
50642131
45148047
5918
60086722461560946
84269
715227063962
1805636055027771
84319
79722095882520588
7401141263
809350541
7521698499539
5720398671213
3572887989401082
2702
3364540227317981
6878219211109869
9844867405540699
1943245589445
600844751679
32929113714130152
4758
8866174507382485
5519940919804644
6945232305638676
2515478300021
4700095209359666
35493263
7119875121849164
2710
3727316376268166
616603008039
41866470007
4280
43681358
78992
7421169922139962
185
786
375749049551
8441
2799861321801894
1872
49045
6142152425444
988
5978658166403147
77001865
445350521789
62706610
330412629
936791458157
5990088197734060
913690592090
743246965
2026
868008303
332361770
93305194
91558
999862557
70954490268682441
8202
650485506
12029208027994488
89558
2209
9924302737620
82678
48053029
34992
514438403
3047416737936
7967168215938
39315408
6188
71418398178157843
22673697
78216592
821026781
971605355590
36445590
56180570
898
37811714
46113367032219943
16314
2582086753648
606924422757
842109052361
410
78699
16942
432801648371
8622797193394265
7393744419927936
23981
70042430076076672
101109022554
5314
69856129818
98637371333162419
6154620197796767
9461591438511357
27668551
77955372
251473028773
32519
461920574
27429527519359224
33781116420772671
297369843087
821204192162
11283738607051455
4596
10705
4225
687332430293
2654732834650626
655963429
415873268
16761844198905351
645759909590
24512
618263502345
7517494990116635
6167539136806195
4398768106428
54105703627840
623099107
1595
6387614422605277
890521213460
820391505916
854045742
736425010056
1702117436552897
496392540365
5777
24124078
80305
174334781
70594275557770812
1498
64367158035553931
82715
307733052720
15968593584111430
34693045
4968
4588828855680635
11102648
772445536
842281776593660
294923552
20576
866174568539
534127026766
418699978180521
198811399
823209753
6975
1922930307189074
1303642093009
97390
9457382619242026
50296193228
4177687088409
2798271223154948
810854328
614
25351095
187222297
5089910706659
7883729445768717
35521634362356921
669898464534
667673056875
9636012324312
39273
453
940837045187
4934467816964
1963
13980
2419461542164382
168597132002
20107
44200169
44326408
559294896
803179286482
122579827750
5750349118131953
16868218251842999
21995667
685859244
4747
2647
4787087
76546
60635859142529953
92098675209687805
7831187354203
998490414896
74843080463675886
7893739227635068
488
5030130017661519
7667
6468016867853
95098483
721011822191
64580473
7886488918391356
895070613
19849130
860823302572
749914528540
25151
86231361450506393
380795941796
4878443140004
85388
764
7140741471219466
244895784234
690
395792894096
7201797360763
682375090680
1803591872778
85241338
4490062613743809
923834599730
3455
4225609
36658
19706723
33454
95300521929967419
897338325972
842955887374
906013566
55304274
14592127961650577
2784
13404695
7048682896193
3778
93929
46572365350168209
5667
59341866213923639
23029788
1558461956689937
24275845
8342533913920090
6715624030083
6272
8485659097001
5840717372424
9112
4400539368634
142
996
29921
2828839702101336
2668
3452
1840
7271
155263663
72471405
15028
3129
3704218974430814
45211458
66863925
630685203
368031410536
12703
57660519
9671986085924
312212
8364
991748871971
3039767875451
786391484623
3179563288893
6749949276608
9865795178979001
696109991609
977273301
27663705
690731595597
74897
8664
88357764061140783
4997130168904
98925
85756706
1208292645393545
1386
3937829375076154
4568315094539206
48050
88615266
693657111925
10391684
9391
51529498370839255
19790891
971915861
50475894187686802
37329859
77715844
20957743
1352883204013024
50334
79210948
63656632
1254196263096911
499828202630
60648
4259662071701
661453810
40831451
473703812080
1186
80266
778
8817
481574342976
1237753206552305
27948786036545671
71283689
273015652
74250098814038492
6926
5976696
8454691889073395
179763176
35798
34575830
199083305
4802938155
92876899
45866
8273
57638
35804360
1268
972353669
5668
1535041754944470
44673051258444983
6101574747479
545121840
341191548908
705982793
2429
9214566615508
3592
5150405644383
11422
1707
53560150
32718431
42
87911944
22222546
829791718
989138741366
312638394126
737715051913
4705
82488015150073241
99461589
839520133605
8233
650089275449
532285804612
7554327920291
4432918265115
29072890
46141
8510
8277510383555
992078
28506384
2286039507289177
144114301701
74192430517
1063
18621
328016117795
2042440370689059
4536583170714
9076
16522
29884
98229235
73507618
5507756668388
3800394409164682
9415258802564
89388894287225331
1930527994329
832066442
7804079785269650
1132
64705850
11843
7156586677169
55279
31276506
74701108
25786546612548268
28162179339191353
93370114461665192
7892923246391
9730233352438
3423478820744181
897685599467
3398962044892
1623854
238478448
5618125303943
73049
48957004
371378361
25996262
84191
6649851307897
5969
2772524912437
56783658305320496
676254144
423665522
60669094
385401630
12447128100307143
59125266
35490986370763841
490363449
85209285
66921
21078
9531
76160424
84013739905
163855376
84197
7637336337011
25920511
883668374759
35684125
56875003968517387
310676285036
65385423
90039525839323719
17417
88710
1719941201759
7184
782418336
3243478431281
919302337759
22064620
324360461126
94941377
2059270096770928
8773820771847
23330351
80253305
4358325160245098
51376135384336856
8445185957776934
43592089
39628
30900061672455
795911123
134734515646
286439478889
71968
99437743881489905
360715163
5587712114132
98469433100152133
8883
82211
67443
17110801
624085273
69709
915594831900
83398
33839
56047
667095985560
89938
357361584986
870195252025
64049495026350353
88418774
62143652087
605492545931
9862208304754
90182
192055091
824308552991
76811305
92619214
779
97050315
48618984
2572
7016
7782
2982716131962318
498109457991
49153824
902517789320
36452653
1740
44721
62080913
7348176068679
394830875348
5382752034575696
65436226
226980566
695440846
378047406332
543614873
3574185645932750
3111
87814
339726636
8811805123479784
1675
4552549709030
3497790758746082
54643
22330
8960529738875
2925
358392706361
362219127
6490102169111857
33738
15153
14793
1410014227886751
96594134078639881
2259490717076096
102429382796
86403906148
6266
844646877
1846
10177
4900
67866674072675677
6355
5176373903205
65481
68620558
510474657701
49768429109961604
4591
3976596439477434
5581
68720916827991306
92813209238900391
223931643623
8392358495368986
85767670
90889396125
480954243
2472134635248089
64031706445197909
7104
228313839003
6252
32478047
7080
4980
238522749
77315899694164385
4998
44031855216786329
2255079846015
4593
2534795856509753
83566480194
42862
3863027103947045
64105617757027353
381291389505
8643
65205
189875364
2667599753044622
278546530385
9680495415238417
241026483
60618
2228436930048760
76449703
3248796173269972
498008396466
4791073925026950
494683621800632
5491412109151
2402
1765831941978804
70610214985288429
47547361959346940
769396885588
49574335813338411
4762244335451261
21770
74626959312868024
78508335427306034
382162044006463
72133407161911122
24154450955398105
75502
41227
61205
6029
1586115209716807
6659995011892437
6843
22229
41397
91632038684939196
29852225032643509
73501814272
18537470
158001956860
809907423
7852735877561991
441706434
263761785
446173153620
518873929
8308284
68403559
8350
19035
27456457
876578325604467
18602567499
620600187
57101235
707247413189
7096891705565920
17452734
43610
38022
9564
924282318
73356
30227
57553
15848591
55025432694
530016512356
843505128794
18141
8007336708183
18281175
1479719956141228
35424635
111793315
463896662918
9730
4752
663719836505
467358829991
955
11794332591429104
7222593043111717
24835216
7896
23776178
603324488
92427308
6091
1703426153682
5222433664483
13824929975256951
364
259249439724
66821244585801254
53854479139
9073
141501875738
38858530
997797571338
3992086004648965
559497190662
8466
1231306584773560
82647791
9851
5472301266457
822394996846
27436
120626925
668107608807
48935
21590594063126199
8552327829346
43722
4823
633726733975
81604
345
75213
2103566191006
9543267512693
2173347389433092
43861
66351250344
24695739
8521972803141148
1188906480524
7136443683476
6564901658549
7214163100624719
5688891398201769
2873404560596
3700432123689263
340
288068342
246972343541
879643400407
795096408361
5133
498402793828
72290499
20965857566047871
7704067128510156
9796936010859
6277839329954879
94133
67046632
443323300
908262777140
374625929961
20510517265419359
6703894099586611
75757829028575479
5878120121566
48906675
200149768
3213195165196
48377576167426325
2327291233018053
76818622962141338
541704005059
1704
85064
6879666
748604762567
9002121913092602
6944562707579210
6004
41870
64091249
1305115870267
7634140219013
908225336494
18142076533657692
444007870113
4503788972858240
118012012130
18905
9385677825422
51336
4443635864703
216579679594648
12696
3977
753663560
145250277961
25394
24687711
574
25425303
60585078
75909402630925911
894491124636
164029844
2409
9405184297349
4836427359650894
847003086045
3517
7203833529453412
59478
99650322
6177754405283
1142418
24643
861503211
2310068651532
78986915925801874
524482355882
6469425028741840
81322369
89275
45780366
581540769448
675518554801
7311575804213
48599
731185029356
73636160249248951
841612855
9529285212623
9845422679130671
71759542669769881
18753097
990276767
1552319812691088
2565862077747252
9823831542972
244
9632497616712
257
1321457521251
28852913
2375
82597579
179875231
83828
68295547505319064
2701396
899719
6879723399696373
12686484
699048667
856085235
54714335804159424
646486538
402084116911
29559
24569470584044592
88967
2097944866538
66788926
7567
6475
1421884564834
711301879929
5365
2242824422076647
13720
18125973782913931
855396505486
13687622804
35013
73944694
97729282904297
3565
533
4106222008684448
7152050291914331
2576883314077
27172
11239858
2861599626685640
694108007
758402605650
93333501
3108028125869
3059
9357
445682671693
9298
3458
783523261
5360196203099
36474
68911661
3618160713662
311928504429106
5060002099173895
8083291604889
6091
96517282
1354084920721
12319946
20180
259369568840517
800061320
