653867555204
8277
7201
8640309619304
47713823
685069692559
3120318575161285
8891339106650
8601077471318460
3623
20609169
2652
593656472
899124239
976683678
739862437
25011
2438
997233576269
17659146014758694
86428
970140116648
4233309891156
763914768961
899
417678368351
6809
3985848154332
617852365500
23712
141986477385
6812050651230858
6149
63948
4785277837778162
19324802
1598961567197932
528411626
21959595
8910055233689
76347983
625630163
75683
66352217839871863
80504
114319220461
7590
1795
7048
987483000
385606329148
6470
18685
79359689556007877
31260
1875908417007
1414
80676187733624063
859006670
7735157528106
63786532001146427
734122710665
921489385
303165588
67141302
4094466627353859
67324164523
84530485877958967
1563
19104
61479
529611055
109
7453947097411914
2058
866446672
7533
8083825069905944
743181951580
76787611432674875
6220
24354073
426138361
6547241514390
25154201317906001
377479327
82419
73898217
988137104511
712391081
16280069853708067
1647128254126
3966812800164361
52960228609790073
9814105797707
9968
3565066156341
569972057017
83489727420
7442
96638131
7881615417382
83302880
84146614346163881
48962751360684076
979970983
44156096605239213
67242496
660120408888
70656
648137887
480081508
88277301371310110
839822729322
75521881
82072642109185733
68758
96290423
607901156317
206931959974
1367181949022
8372678112226334
125464994731
9548414064197192
6402065421278
7571524748775616
11069328
80878567270494846
1795
85174197
90645120340964329
8245019429430430
4329941620026
10910261
78342941
261524796
28094487393240785
3161027695203
1630
2927083037446877
77811596731108642
92552801008521083
2751
29290
4906205201706
16428761504720774
18
225100425
30270330708720291
87872796
85883102763686576
4143124237365
767711894
352620174
34795595434291679
80013693627708065
4815487885708
55250
65895
24293575
75282
27787937850346498
40218620232072564
36521322671106987
722099272383
92071184
3277055643144
16413
9664713824955904
199188280759
590399990
7687128367600668
7627
6709287968448116
2040
391108604
415756951284
998830675667
2295463883524741
31318209
6143708499328
19162968
8402190229963
180808041467995
136921089328
75934
2981
253305510
6851254025017
26347096
2368528810143790
746
390525060
66663510
7829835275514
949885826
4458591620596
7083
959654763
7020
492514557573
94336612
53181159
5416791253070077
75003
74750778414003693
497801891
17050288116908606
9556058051619499
82962186163223639
3199
28867
9863
1745398389790
2710
1402
53511012
4539
22755
71367351353396722
50364267642549064
50395
72917085
8362103746240000
411357772986
435400706
10953
2357
806932141865
25755
34319
2651811013775
5295198599251852
394529043
50783745
787337287995
7397
15176522386641836
8142179055746
314720261801
30469624
31922253221069680
88112321440686
236310764063
2453
9351249284965
71585822
324124701
558950905
33281393561397557
84552095
9580466535674
9428082607784
681799485625
136368790554714
2223041200553
48949542800720858
546134007776836
597581275761
696493513
25255630639780761
1401840948966
4105045300886220
79169822377803488
49768
53636732267141409
72799378194217935
494837357206
99222492
10767473155584977
2179248982949
7824
4937281
73143697
19028
367824266
41247986
3974534216795987
2050
50403
1631037148657
120526724
59423646
27875251
26743352
2023794869050504
1526
5428289766110
67515
75054
3924815463315
44460213
29051754
9076
5227737945985
9933
61359176
714729824726
23788732299904001
49696
49905
27747055
12039
701911173410
42367
1520214688289550
459015636055
76007788332383446
16910015
1627
89137
99254130
7033593594742
41201236034772678
448882001
71406
8862237807669710
89930890
6488
765132321016
41274591802546148
642332126559402
125400454640
93956520
15921
82486
1247
284460170
24750635
199325271
20298084
9673
9644733563846
25731
7517136082875
18650875
560993462
7965
368933095
1752
341197470442
61847253062089109
120782112308
6086259239812696
90451009
40298
90954
7572
44007147579376785
19563
7092
7585809245036
9222652349096
64585504
38448828
934518116465
1715
96833860
408376012658
42303428983299069
331595294
25276176523252387
11208925
40440594486336271
16679
1828253681025
6158042945843909
4324652654890053
472847104588
55059
9434
6916115845095959
2308
410884722078
17485713068879825
30961
5535
19736226582139920
40721960451589589
1512599329850125
45158
28182
97634
43010775976160436
5665595019537
8418038376484
41712627740962257
2635722993609
88091170
97479439219821068
62428301881
41131566
74342
232255338844
481760950097
75311544059617805
8949983639841
108876538
22069990
7009
195040652
775
558354156902
5030
6765450520613844
9519
28833874150794009
91193300275510233
5385099080975
2129020211717900
77018
37249
7623582223456
63880593697796617
26058
381330590951
839577146906
980976249528
1017858889411224
46024371
69353
9919245285658295
7980909958652
23564
1940
407860221530
97735961
595051722754
6318
59937533022787950
3940
7710
1707683136697
6385
1428779177198518
918098802471
344216087143
53378157698118763
5543235085018141
120044540
931899068358
65033
1522
412894881
280199110
9235
798248409
56320212846316075
3006
755581319248
207062195
5297
64144
17011
854584690554
683657719350486
2699
6966659204839
661315346
496591500504
15485673
6332376252170367
6113048619929731
41983767477316605
1786337580807
57915791511036948
7023
7485217658574
1986889286484059
1355600068710
20756
4450037457162
74540860
618921477378
7387861934
9978618542187868
8948
7414
71592
2007
981714053
7150122071065666
610
894756607843
4687751655819
138923601
732118399339
70454188084972264
45749
814108414
7237699435045
909551863860
63738711228203290
55699067
686713959
63800
28328887
543217587066
7666152076413
16651519932846106
65604244
860787512110168
268499
56657954095628907
1324
8244
4197928763643184
7065555765661878
32931540357597225
979441946139
4574647514948638
6752
92751999
522003370875
11802343466034795
27370069
713990424628
15919321
29794546
6635503962795809
570127482
7084376234180
6772175561317
1527
86165878964117412
3857814286117165
634226711179
22159
7874240222284
1085051250582955
9862346844303708
43180759
603376512717
766525020503
3033137824799
2008
106488897182
4976573073193
66573202
690032686579
903018163
120769233
2181285447101
7579998616293
558067638828
163392279
190742721246
405117781
7150166251255
5540091599828
79607120
24935
4440
1388
91848398418916547
3177
641
957262897212
13876620774
6857605114447049
797155828589
2966337205088
6526909
56419030365479196
783329473
972280910879
9289572413068
621983185348
33256
84947867775253956
9823756
51061
7155810445667385
64465501751317
5621194778286
205391080
524469840189
5821
7114515695912
873555307
5587
174162984855
3414730528732878
7807
97176681
19562
4964261183655
3869809411932031
902651646613
1417815858457
3780
37211586
27726371
74735102331003733
990154221
63241650334023646
42926741005038707
3322
3931562775665
105495701
90366
82565797
84570741
2443191174319
864132516
89903478
564291506
633766716
35131839
56458037589601547
46097189
7781
75051
2797513508726143
16372677359614576
4650
50427443187112650
3569354508067966
3354
2385850765543
2600
383202273229
4642662098538
731837128334
50863752045951839
957459502336
630114802
2201421411827519
3271817795893
84999
16720617633814277
76885484
12842600031317904
118321439220
52014798
99912
3260288244629
158222613
1515
9839467429007038
2869
42887
895596305419
752769408
1940
428203339
941062669
8632
2253
15328
6686
203954871071
93946569814102615
544582071869
7278655100335336
143111950838
2345956525957
67716
8192449624985
9018662
9177728476465
2749676607798
47283125366385122
87412
309457515
66612488637414316
764786170248
218314992
14377467
226119176509
52362
788885083
69802756
70617079672405640
414470441278
771796442657
356215848645434
8806989
849553107021
25645799
5093524
18360
99084870
14305874077871358
51223814033587774
70819
96380
357698305280
87804
96703742628014158
622448141
7114126158839399
44833
229330794
5924558715232636
464049780664
6846
8373096754931
37581904780106062
473503444121
6019405392722342
7830660
33251045165359662
10321713393289393
2371532502553830
56707
6333
6087246722018
732489231492
6214300069818
40857528498382256
5728512223156
24212074985721546
20416176885283216
9000
35170154
72015670
88161
63596165782091896
134825099769
2481717127165079
1738383894199
56322
6674
9463531664794
1213501017280
7354
59129713
9397692800530
65112475911696453
6337101002460
37592451093920775
50474468
612
23424969
65018
16135533
95762
5897469269404701
32999
7278242457235594
7253
24937690207
45663962
8655892609390556
66611566240752602
89990360661483029
91776
79881534
64774562363
26388520469414602
3296648007297608
482076934
7627296373740308
7190
6134
172
16246097573646701
18793
6331
8872
1648659241824150
3025990834356997
2242102638787600
8332
6987235843030
19577183102311453
84144672549287849
36692
217969186969
2942407364170
436195096
905253014
57175134401074086
7682
6505424662555
645951394305
85842423
48608839443186224
7674409485668
9794600496282010
25235660294664347
2046650065755
2070837670560685
3448467868750
2259882328992
7650977656059
24708277
5632690588809519
17223113653220299
739925753809
93878935337161199
499469594378
5308619159584
92601
4565523502942202
689489305
23353
74212167236212394
1281
61670317
12626
48322307
1289
7861289812958156
3633373550453367
8278805947039
27822097
58308
7945
1532904757959797
1363904668036
96543022709809889
914514621408
20881534
573922374143
56068591206817491
4084051619016
490817857080
199700782307
33652957
668195410347
48009586
90857
16871236
45081171341851390
536137711
51774406
5732975247901
28872022160694681
427495262
63495463198180293
4506
56120
9130113300459571
10757013
398750409838
12995
969292566108
47566752702706291
270152339
818
21598607880265934
44106524
2617
5102670663529637
67103
39981
317753603542
9103132519750988
479446401049
586054882013343
77431890
13758
944
637
8961
25498760386
2281
1199
40852808
981796926913
460023392020
68849
337179464
960240462526
6405142068517995
6428253754740
67466867
2263155758369555
11119292423638748
767079353414
645406595788
69369868
519400616216
5811
5854481558224
73341
7923893029933874
8871
86854051696031163
117065774527
353522466
82864932
346075792178
191541192221
8097
33975462467774881
91586
244504084
5419
924107997967
19646
7682289158143
1177295493567509
5154
90959676937576281
9647
74415432334796343
4146
8910587
354878960824
2646927164886
4261878937221
25061919416416599
19417663547698011
3952
729198188
38050377127414480
810270135529
7579892524987
4674157447108109
1896628151910253
52830449192264830
2276051418104
82672269
2218
5902911322568
2109744450221
6620531625260
177034428
86280358525627155
777107293307
4938273854773
11462204
29055027182907000
3569486738706
430507428
79073
4720865369039636
26773204148763774
87192485
102153973866
316359004851
3666294748985970
250455482
1694
25871
5579
40665
7472040429269
20102524083396974
1875
34305
653240181728311
1416582025414
193176977841460
90354
6560
627461787159
50198927
8376
91161
80688329457595791
139085408
7309024079372
8766190
3736440377484
743570997
3433442517620
190
29498
6660541940380163
8697033569436
1743010204116336
6725827593321298
500886639
736132172918
33057
446247385
26995
9242
41631287317209468
30362713
12666
96677044
3940109535651
79706767
3677
30190785607658943
96425906
19929132969104311
600438401926
987783590
748216821
85141384
114
6686867690582091
37466922
958305725
6603
1782
44030155207468728
45419
33970281350879568
579822726
4866117028222320
6368658034331704
14886148
43694306927
65967
96566
70705383480125600
155458012507
8568782185467048
64391073
18773
888589515025
7168015760397557
95806804
38210633
3685
682333117
96225501849671994
6707873925455
9632
552317251086
84485900123358758
8315175842557884
625687990
1592120986045332
98920008
992507367159
9168279701319
962
33692854050303118
55650469
2601
553075772
432070391328
4782885483565846
97650779930008258
139609651189
1597
7497700669501944
971214695018
86990924
46425255004550050
79731972
324454246
8770
2053
4329
24493
2996916960494
5572779836296421
4875943001485472
43787839
38874168054006629
26460110361167728
2696839894199609
8718688713749134
882096322
7108
19438735
88504133889061431
655109024
8846
12139394934991413
1326
24153
217062201490
16428
9285994
681984446687
163265584
48352024844433484
23703251
967395588221
48536328025612200
203
767269374
7846
89919
106856190985
29428441
2400
150570448
84585844
1053999623632
93533
12247133457139018
4023
581338832
32653891762
94779
9246064832597456
671110259784
57611
25523796
832914947662
12719601497976615
175409879661
26198914
7706553511093
669598952894
14643050
8208
944504565
14780909
28794
3309
53546
66974011
9557
14881866
2037772516149
46516069556112227
6416
7696136903259470
898707527046
63636574
14405
13221441
6507
446
858671302
62365747363907831
1788
93276124167096048
4989025288467272
64557
205607423
1115610686769
385930579
273978497625
96745657701866040
80319
7073395430304
85970
13817509
750008246032
7548
87041284
63081
782560289478
948624134
864043765
58766
11871639603782075
16842394080620410
872205702021
1985524050756976
73085672422373856
4201569613697330
9755770644213745
804511329
60866255704536797
9031001454753
4671731117856
477801925708
7228
25600987984580
843223397
7884279379727503
6698
25250104173162873
82652625
2621
7284056920617798
8178081158245
261
4720264420605068
3306833939622
94457006383020976
1656444751917690
56090304439002882
65885
588255168354
78906529489899079
18655
441805265716
1087227753312
1120546564
7982738457589245
3478267347463
82762012
2556
847039936
46566780281204549
34324915034635058
882318328709
9114
1077236197545
240063358
815005796
20549906
490209240252
851320775
12753217516
83280
47719407011477224
159676674868
82318
96773904
749878205939
47955
13730443441902108
627521317255
513308322652
7075
5374
20896270806713360
97525691578
7257263136912471
363803246858
71299
353
259883726424
526499814888
169745800
55210
3712960572324173
7802521020679084
43887512
651440405
441244295090
6728
446596895
14835222215830093
30868096
4597
13790360385
1189
79238333
4038753227907705
996894246
9713
6851
9948892
661456459
46503551
6668343869353325
74620164490222
13793089
300967377199
71843
1531
22765515
7017906323648
75551
23761038143086262
83096640231688378
6446193419884454
16090242319521931
2223078393160
1596
5460136005198735
70050321755030391
775806032
12423973228655263
2533
31333
892527051
73577
99415
2235
15498
7069524813024
1737384875275
3660687955848260
33540139
3966076957161
2699865714068
6570
4362334801046519
610659782065
70535686502306937
2242603346567070
6605205247942571
5427037140557494
6088771782717
1034867432140945
117104504656
799175095531
6831
615156431206
8880848230256
99656
45527958213
872805656
1233385336151
5909619833728
54907714166
8397
9120415317283383
52960
10349273064914892
50880622112092564
13070868068304658
564724025
20394389606398287
2962524106490
4097279026409
97253
46861732
9674
23300631971832966
28793727402248436
69901935
44651676009704368
74721372631404
98759866
441489798
677060421182601
5592649960811
1273880920131878
6723
6397974908375
9127586461790537
6940256272967641
9108
13830624819759393
966177119
177560419195
92515
7757514905758
88963436204
66741561666953879
61799383
8462183508707
874
928
23647405
166873875
2041
48723
85047620
1261
239037137
419993095359
97243906566955302
7749920286382
58153231
7629082093080554
58074
16428758
71723820
9763056623896340
1898642522418956
95016
942614210089
4794326378767
933429285
412013568244
3167
57429994563081541
86294295
1462090180825
468596710683
7319600780484233
2898587360962009
45811
506261
8644
9881
822138827
706333638774
6757843632552105
7983718884088624
8332
922111236
8993686
46365905831117496
76195277
8097
97654
3952491193912867
52694539738128399
12490903
56558
5673040310617772
1302496497384553
629505533
4330729943466357
283
38141666519111622
214422446
679768033744
52558
53448688148234197
1017448925443
922454393932
88244
5714941706065
9265506848886
2108
4102559231860917
2691599533095605
398836049541
89283
6994329974628
810492777
1663072055661
12176
94835663618807621
79031811483243204
9145974504204
432536378008
587433066794435
77375334951064926
8473662
4129856136429187
14172
14502285866
6983
4801960558764
222884405
6783703
3504
260004611
35867870909044962
16300
34299801
98625164
6279
90120486
7848
1870
6346
9204
77519451
666
24097116161273176
9321
9915195370823
6235617993890
9697
78536
7276243779614
210329540
72774625847962615
15454151
512381686124401
8999
926163247
1371830462788738
7107
199210017
3612
1035497299542484
422311117
50802256017
78023
4930066520812830
1565340128325
38512625408082890
6195443704304678
57549
70800
4071565160901086
57886619240611022
1043222329307443
12822444
62034573
66113144
522635939365
1316
124029582512
50025962541064321
2762
55765234467639783
6444541831560121
113923750713003
207616376
9788855
2305
63678492166
22291841671125677
8076886457374
9057428434200
2602230955328112
36574
106750516562
466728602746
93062099
2704
6492062
84226506563941763
1374
13508723211626940
1399343173307
1356665116549
5409357436414362
6732219563918
267983672062
6545808980752
3537429475113
1708545458952399
838076383
941943826
8943074994617717
9748702857237
19330775
59173835
274026892
21777497925
8621
402552377448
983419166035
2213637026193257
10579
2643007215204
527205900
189800696
45814085562505483
7331
26932192443206370
59966980149159041
55458353181285373
23073070
662308783
263097665532
147987826437417
627405677
5420509005735653
927899798969
202616888813
13727691
397159955957
14407131755436082
465425247
703625104518
9329480
6090619630118659
3137
71097
76562204
65120937
445248465
2681
871375642
17752
465055731
83992749938920217
9467162124699661
629301950462
24570380799866297
1489084033917
68882304973209292
6291098221832
66991083989457921
20310624
158307198172
149864447409
1075
27963958
232935134320
83521558
77621938877793569
255216302704
6451015961751960
65687777
7818975832732006
7167943856094659
7043906400573
60924587
204480276
12365219
89550023911022724
3674301159170
82190469259517362
6197995318547
237246372
51800
30179
4822783120867570
2232133341034
7759166524137
1334129044860
6413
7673515430002206
6568130520235
51424
912816861660
71012799191510861
894157833
224593600622
9723951800332016
50983
94783
6647892258219695
2906
7046262507005
34659397403524532
83601244009
486918593258261
9807
41211329904
4599223007259
74550908976
748491104059
4224161090567007
21916449731616002
2107255844310851
75310479206
12841241902461811
4195443427346940
1358659629554
786
63288414
3488
66136430021511159
51271230
140942293193746
80676670169461547
728589707
3891593145079977
6166
42598316270534300
2669700732887
17627976
6812238083186
9127943756057499
25429
829012246915
971593440566
82807
148753712
728648475
6097
123890450082
9553
30229
7715
72019
886562826
14233732
12673
2295
6672551881155762
9706544214055029
1582
8926196224490903
17773903867567163
857351220035
28922
274075273
678173122
77088
60598
75764
4659517011688
39981
41222757
863540526737
60095368901322300
884709505
29207
564702559
77225818017382376
150638386982
95337024485
1474934045770136
4888073568232
735325728204
736461358
542876723987772
1119481190213691
2261011
66829262
9401924609026809
10801977687401411
775684184
41376177080420613
37170860
80923
19193670
8279
190231345429
2046567395217441
22062195910950221
9116771316717891
673706420
5318399456560924
84226555
2085189184028380
2235866379090391
5717211426350
532601006
408409630204
86311762019144162
696617452268
215792632728
6879
3650
336021145942257
42618692505560858
6667
58722566986122590
6232
2038
464653229
5322297585333560
3913951443631
61452
1494328595058088
460811022144
269430698
943423097225041
4233
34240482
1456136402242
993155434812
808538991239
907167961750
251118184
846
1843876745530733
603
9844072286941632
58890
364421708
213823620
176500844
96878760013731516
1455924716218232
709817973
228133214
7339953285901
8415
4883295427092
5832
4661268168984215
53937942305081164
11273
46866536295347454
55809
7270543843990318
53619
365796609
99196
104552291
591160494500
669316205602
18751889
521994275
23243753
41088627
26747610178616539
272348211264
452862644989
2275840862719669
5288
7228220
5134132387725
593163296
52203064461140567
68913
4896
3112194311271083
1177825536713
8167
9002
54391743
723168642517
37349339484456475
336567131
238660943732
550159317
3523922007869261
35650596368
772664513659
295971242953
15662
6125
5385
18500
57856532
3473
26105
3751
369934108
74719307435419604
1720
92803223
156755513858
225797743688
60780870
374941079937426
61386
7117267621370943
6206
1770
97515765
6718149753433607
667204511537307
9575580190413777
1922589813896673
74736682302187623
71020045241492335
9963
4173611667285
93141421
89814319125169601
64186
71880075572766657
1197340657273
2275989211881053
7036205999929497
971623903740
771952149585
37001818275747550
437448307406
1311216291581576
3483422600255547
625301136430
5615
952705288551
1385279024973
6965785279469524
45437006
6959096412437
21974
1127997360408
77854966883692730
3730638986191169
48639790
3789
11119
9942482
96782
1045
2569703318620871
21480478
3083097072821870
2692866669057
437318204081
31197
13371102
46559570
999284441896686
9982511
95765
3702187909042
30226
51099202
334
5250269679069
69347454
98305
409420992
1151267770335543
2191434960470
763067339
4818
6052212
49993255875386792
61577
35765032
8662724134620592
46252
419656437
17872512103
5102
278772951266
4577572030968
5294
1695890079145783
5570419033933
235915366
92887662
2778
7097383
85238680
93198752
9730
342602468
257561636938
1751550945228272
274414879656
69587047923086936
479898156
23103651353
895731550494
4274
7082237698870
846352233
14230
6941
34858409
22171087983614970
106209660761
87017
711524334137748
23455020312029201
40693
3848897363101
47047217
6378552766432248
5466
6654194457996
757492820
4052650317368
915924227302
9061
23207487
4303
77702
42059
7499
7198
4280864819320849
4266503
2669
57850185
8945
7381541607430
67576608
9276
87305
60783314493852089
921742916810
4646176233659498
4801838847579241
53630048249306968
785960669
93260
40176
239301902
131527753747
5238450898380956
24500477546229078
738
4956492666192
6049735455545844
59339
12071
60620038935225125
719907538
1697528642970
64079070
837672327017
6371071045248
26230352
53084
18279080
58018
20661118
89660
678284645783
5626870775993
120977766323
6685955000985
17030569782204605
10459082260355816
2562
3777
938597456758
9698273136052101
73028631336770355
394859199
444873683
394975801
8938
8491396
29635501
8504079153595755
307885466192
135864398
54295
807077317204
9964059206186954
12182547467661121
932527653
70270
3934946499273
8145175220751627
33709
9599801620011
19371
73012002254443614
94007227
63310058534
202643421654
19975282
117172065381
5752390047891674
3378
101960999
21735381
67182818139903905
449755717998
452
143973434
1149858967591019
2630081717861
4224175080041
2487
61378515530461224
5355
256080916915
7342894541185647
75864827
84869187980799504
68765
193887447979
6873108959562
1905332898085
193990669
52383
50074784
72956266
3659927781
52310
2424211531483
7489232781205414
95771
98609
34274231178062716
6615067817328027
26598130268667355
697718129812
20959
8874276090518332
210016123
25530816
802320590143
13575595929666086
1359497
84642461661683195
79768
173164770252
59138
4142743631716
78564903586
48784998787363475
41250743
6790777044410215
8670869242222
1064641651070
1680113
59093194
7221029272328911
377361260539443
51270285
44680
8361931335032019
73320501
655613260503
468981680155
4121
1367280666575
154993343
1608890441571
47851200
73364573
138597962735
735635647314355
515941218828
196563654128
9400
77099191
5697547928031
7410
2947
54500884760
241098286
68784
48600519
50404120185
3246574875159134
782713235
604761346700
50515971397416433
2959272846098211
5097
867533420
540357656962384
40432
7752425145046290
89513680096924197
77450584
9539
62400920
872615320
612436553012
2250187541072
7806123124844811
171403975899
566738504139325
4644
264372659
47208
788168347887
206
8006
7711383808944
5383866225983
269794656
45981011829
1988965
393708341
426937543
67
18137185202250
1795
9080523674285
1951990644701459
694103076
6394270346391
1306471417198422
9731089068327179
50213874792407282
257100224000
3737179371476424
5192702371589691
1348874112499
8383103269908
2282203
76376163
9687553496196
47776655131166794
658735410
904292910451
8909
86969697761377760
970530739450
715532123828
23375585511
38475174
971047703
635915398
61395359506317305
26584183814146564
9135
756987916128
69728971453713776
9127268250796
8630
45486885018171591
8975290223824800
66401976337188661
10259
8703191617218770
14440723
34369
5266837066036
439970194
92417501765523639
70278828
30149692049846024
17145423142201282
68555
862575916803
4569
16538430
432685974419
8155466235334
647291539
290927595465
10618426
5009948955596
74747372436636027
383307979
9123
2342
1239613311629
27808580582
827330298932
638990060943913
171711132611980
880030182277
707178209640
563305447
3157108485942
3081479251931
31132416
57318645
1152241682974
68200
28243801
3569633800369952
191353995532
969043342
10868285
2793
9239844068718354
19723
1961599305221619
2473518303354426
22253
119287401
29818054
887501689
1545
91901840
25602
1505050873230
14422655285937251
14604
39279083
54414026737
22772134
17443952556037033
6102
474571365
48872798824417788
55506
19781
6709
2321
19558043496
682064495670
15018306
3195
4111625463797942
39799885
6824459
903494353
101162787914
6415
70255295
3876244271894
197210047
1723658140249703
6096
8543543128836078
532275035561049
81195566019881808
49326193
24718858
92737766925242205
949431868
6895654666243925
32404949245059057
77172
4918123514681344
7179317
75899
627982219066
4215
771558751103
21929964
3316
9428
2234109097630
964
16896371
4557261719474389
3404927645284
5147
25756
6404507329432691
5281
40637658366829195
1656385215818449
6044090517448
40669549
78426308166615799
917624007427
832343827
1735224662941308
30230
36086
2302
57797831
3755625882303
86085857237790
43709090
525627120720
7356
706480430539
77253
60868867228989640
58296442609858106
3937014710557
567464954
469579055718568
238820578
50597135503
1990
9425789402152210
7309
222428234
52291857
14408760498293923
47949
1627514
5100
121843923
531097781186
644608247304
3075
99253
409266840
3934444447202908
574517042701
19694418
28666429183156244
271403385951
4765153826767
6041
2982213780448
79940496278088116
49754
5177548882157569
5666
386234823494
96424693
7890592391457
1758529015816
88865365
5703
880521990
4418138859991246
15157926257972854
391677348882
68093852651166309
720003151
61528
2525641288890245
83679653807188186
107728568
36466853606180006
1491367553861046
91583
83379517529792789
565616427251
647800311964
8846
203937576477
83424139957919970
7422473785379613
66987425
777929407051404
7159
843344011
112105717004
651561690188
2295463303856
6059275732852079
1314897334582
53820754
950305949
97159245777165124
826103593380
577451112590
4128893338340158
439769528967
5057
71680316
80909165684814909
913518045
5474
79779262681501080
50367859661411253
354903550410
268535192
81515173
437318879772
45760
22563672
89072
81214478
65764
9067188378373
6507199300119445
47289
2608776324833913
5515
347944212
6397222349251
832827411
62189
861300482057
85262234487943993
838962848
61059615
5412892532000766
946429130
8702951987869
1412997501875
1416070805987
77795754
9743353775839671
49301592
558459521
9382510322027475
8865968745024
6359656463082252
136180801
2914314174891090
78923431
1810094356450485
27301
4695636020349869
514667298
71643293
100468472309
3961
24940630870413892
1021327881061
854753463121
17856455
732211707
7668002309524
354669628
75466
12235699797133056
273383594218
9413
17197
11699
4468
641841736418
56462952
90606946
3097236606760959
967012749557457
709761963391
7773
91357857849168398
65424
7680264799577265
2593
10832724
505170439
6347448860063
14063183
27901457
526014013189
4035910873503
30256
5936449993719776
33939260681606946
91119025
8013
235468454
761632819461
986805763
72943003
851046701695
440494426888
72606498875513502
22833
36864970
793249266
3445979
8294
188028993
2379236994180946
5287750512689
1600788
6952226794390685
120129751588
484757353069
17053
602845036
2607054185660539
91522
7447
4438327551347
790755196
4137
724499464
84655436
4255501764246200
26861515014916394
94528
4717
111623077256
240313926093
2094145479230
68986
4872941822600519
584585347303
1846898800544
917299338
3559057193531634
2809333627085768
3889910484950665
29166
363838520190
1096149129779206
7144
84939855253848407
74010919926563595
622625110109
8488443617493062
95522658
6718837829071
8743862652266612
2309711134898
1367378314529
700072682
940048073913
35255118569322892
8315
83100493801
7793257517510
8036
4406951
397677736685
45761
9252635815620918
73280410329412927
69209
2355741763218527
7307601653490967
2672865
79495
98474341
30083389957
36960659
247066599473
868847580018
1105
3530
23308902361
4079221717211603
65213
956523824
8171574932251384
70762
2428158833313359
725955618
14937726852138099
46728151
14307317
816686718
97490472802907883
80208
22486011
82992
983
623959324
2566548023759563
85538943
81999795517632490
631473630397
539314738762
58475423
1763521900397
33144159544142693
394814446192
987647483566
4148205898735729
31116
703139897
73653618503588338
552903010068
4272183754620251
168059251664
540439264648
1914
446220447
68593015
37632752313115303
73926704
64110180
29811130
39513
90486895190545516
15855664031
9375505705057787
98163662764694605
9336
20044615
9953
38822588
4490
16766558
358883921
187993655
7623951136643
77046323107374646
9796
95427832742176155
2541643387015
7947563987162494
55646
349088795
761990599482
885
60891516
9266
2374388539531835
30673140702775748
276
13935086309827956
71982214293491526
1033539630367
732454616271
80826
90443719
651455947
23010621914053104
1055
874125879
1092331698180372
304006753
882802423887
5596
274812951333
541204821
6374518499669
4196725915885835
7025722591666467
8773406391861
592904045873
17653548277522928
9922
51569325
1313239506490
664227276
66967286
36602
28119084
78707842417516772
22368201032798547
96779
925134219219619
891254320276
74307542
230186589366
9951
7622169256519140
729350372301821
7900
27975818203512436
82078171970894216
341560416243
2493041624690
9017393499542
82863212
2821
9390
565116585
20187
4672564136670104
918936864
9323975943769307
89569
1271997057289
637403653032
559369175684
476593260
14501261
341230124508
91919283573702825
2331009437908
34515450
2332759932552
416094940580
132274373376
20178035425
93536
107568
2290
5438202433866436
9326787886290673
30374
1937372514048567
3896090123371845
9982
42185
7302
719743726701
832000626393907
2807
43670681
2384979858633149
70286271
71925545729
1508047760209749
27484
13897
4268
4059152332503325
1118284578065
88978
75975252309903559
5435
7823127125208
74338838395033267
79639603
264762672
9492
9606683006521
453803276146
1553850125313
460421427369
929568260736
502456855851
38132
5915817904821
3646971109821473
31509916
84271112
5279264645229056
618312726122
60397
60261
44781866023900802
645530999
78247
4119
515053992262
24313
9879122525146
4711500175778722
65
80235
75042
7497
14048122
708291945478
425548293280
5300873079266
773638128858
53461963132712238
163731902657
603392077349
50002387020324062
366617575350
3884180288266
981798963429
74670
2055
6625104385282
49643698
273456244422
76566475108387823
43837712103917850
22110
75825422145131612
62189497
3556
653329443
7849
19772512650501644
427530291051
86559231
447776409936
9887626384416250
49474902
717117572
962245448
5710228142918918
957570789
97492469751161877
7534035982232330
4334857922014
39738
1407850098949
1504193123570
46132957981628661
4797
49788948
52702398861731509
2146062808928440
16004650
268713582
96962501911053621
6000
58191
592298974512
74385729355940232
74809075
7307664522314994
65493537
7843486319431865
40580030
854713736
792108338014
62547924485219125
1875777212701625
6739660957922665
5873006404117
9315347
776693540360244
194809709
1748876017645224
5730627695302
13416088
5145203033625646
890618259
426671257
656516309
5486262698523406
164765459
191012505254
1291316768711301
160916451
868025466871
349224887
79192
7319465164568
949697630848
285301019
6009523318437370
11586544
6223388170742
73215322448743094
9749878625222
65397680451984944
37436833767360901
99962615636637436
17718
4727440946241
133887180108
244653978
5098700218411272
585837759886368
6908074779986513
7248231985094
165217773471
1584
134537358
8496250989856137
1886
3574380021113222
677843458543
587
3163260402280060
3221
7654675721604
312412369
39278438307557772
6539011511715644
6711425362890930
4370800996346203
943750305
11147
827280
55786815928404386
7163129860254
80175
4364245873794848
4447743950492205
342010403483
15997
21371690381526280
13491214
991417810797
145190649381
11148317
87742699589277
357185726231
85248396
14886185121421934
7554
4054
15146916
849612530
36340
42600
276002473
3372341209987120
2119110330593470
7469
3302137668358028
57444682007931870
2633934127463587
286513006364
25229
132
9223157140881847
4575
7055965359598
304221379
2434646604433305
91157291
298183473437
68181026979
4325
55663352070690691
69117188
93990730300546449
98199880416438941
72450461
3666943612760371
5589654549289
2200516516621345
5941325612724767
8764
11316773620317078
233709818895
6994006295862451
11750107395645434
949327169
6025657491502676
37140942096671591
75426644402495849
72185
6296225008307784
331033233462
84017522820616515
31842221
5727877744134
11897
8551251413513187
4165
8365
2684
245
412108904619
546787133077299
412468390
99140819044639594
5882845643155
9189052000599
6390842
4485977276681895
5464072869232
589932224
948911260
2282
8451
89168
90733087
90032349781906778
45181
9344923709856581
9689814097405317
1704
4157652592088
17022043236700301
4936280970058552
7896848082580218
6745
672340810673
267214429505673
2753
4274964217396517
253518478
7245879940408431
2454344
2336621902576985
4877
8964771460060
385132296455
5532
71797651416515676
28495079044118461
60408553806768341
60961251
57970
4540613122638
43594
67549
712273196185
15034
190423970
4831314635575
243061260151
6781161750970660
18974
579105229155
4303813675328344
6229047672487242
46368597694545360
64841535
73290138795179658
66258577624613088
8600004794292
6376957736314816
497681341939
34619988514130639
32663855
424526253
88036
37216
22696989
815058405919
64860267026
72559517610924873
1292995323296411
15278
6462027109877
985815081
8240615129214994
901422911855605
64188007201431546
922432722
228444480361
149501106961
59049
803043595643
9431839061390432
9689
7059
41240172739685932
405153934504
8698492896769
2593939416565207
960764424
96536
86453
186507678607
86747
86304
32156369908401889
8186
2632
333661973
300112508406
173629980
8035
95448055074184646
903946055086
44979644912709954
71580524670351245
7638
13259429518700847
905673798130
38198963
675326933770263
17609164
8521370
23475030730778861
53079422
5663797177932
998650268
108483202
8624262758913675
27352309133108914
588075226
4081634284229
87684415
380585215719
377373069
633923966
60215746048048826
85271742300
53903
675277596
62017
105686936
7915
12559505
769296871806
882485271
8697797404797
199912334
467431312440
46102193119702532
7325164229549650
5169312808348
472402889
86448985301939687
82297
53096376
99663938
914247971542
54896
788084118
5696
20670404108937219
6952809232408
5273
90920146
97099
11213
158707856
56801426
170488544
3959
8761936944272
78540068852050631
19495
99061148
1480
134999208
12563144
15636803857799361
77297
697
61570
91034803044778225
2228411326244414
8980474626415172
5950837107142078
69991270
9220261885780
10260421266202591
2809273
77237610749
8285098019967
146223396
8621067378165161
40018728529627965
948242726
758987875086
3576
302784436185
2484592501305
780095128355
1881225912848715
8037
3956
4324667957857722
391
2407376184989826
60662
96081
2754779135960857
798863864246248
798589461
13895455899477594
8239375030313817
9106
64056741772
6547679869865201
790665274
87044855
31
5573
14643
921029400362486
51774148
8618
9957
294011552559
5145
90703068
9848
93711279351827970
85612210
74754887
7743143995064674
971384923075
2383068239129
1545
29780779035526735
293505868717
4796949415583166
21719516394522232
9758
93949
42444999716077678
223907571662
127400557
713119052
48802689528
123953761259
62258772
3126094663293809
2651765464338861
3057497204055
23854254
453271121146
887113519480491
78593703605204488
420150889
9484118310442458
97335832650853184
1443080148719
3840411842855
263878
9557623536447345
1621199049195817
2209884496543
254614964
5170051
863424320521
633103826464820
804470842276
5287405
7817
593399057599
4000714112093
4556004799864610
425701815322
482500811
1739012253853
72956386
98069
16157347330608774
22357833825093347
6428998
724381729247
8789
42409105249509169
450415570589
374311039590
77582542
9603793630350899
35841654
677958021381
20518
78845639618856297
421041150018
24653
5258
20026179
12546848585560790
166253850
6633801765076
6025167512054055
1229
51162088152922462
17240971426304145
9640235925174
1052
594623962
6956710496303
2875
8615086190918315
818
1790
12338061394
502224413364
7962342506034
92339
80601487287660061
30913
581
8187855991753
61982574
879257382408211
5327093211610
92392
537676411710
148218257
697499263655
434875307082
852672816930
624902636435
60878924042116776
6670
41326735018103360
2954874785574
5779
1836792221585091
263202972
96704851987051602
461
74804
497
6448
2819
558048966599
3120726814
21581034
644944010004
9974547286883587
9345
31035
678308662393
861525591
8733260002880
2548102306696
53077
30256
87133562098927525
329
58351730937
3431915612194
4027457
1036703
443330210962
8543941135397
4077
84886745
3065657328285
1855566710333655
1707280387261928
10797676
57740606815310621
3605
971000271094
3956417823105153
8049
202
1097303189744422
8340794328895
3350
134316396
5459
273594886
6262096538077052
53710295853975271
6497
511910
5992431365415534
782266758514529
43803184588380424
59807
6696025817580764
463
1830
9204746004403859
5461043395107
60069893
14125171
99442514377914453
98634826
263500389
77537731860218913
16590918228962343
82804962
24542
64220347543762302
34799103821870593
65693
87024167
8598320380465021
94705122484469649
33963771754095641
94521250817447922
5477079842158
161405586
7570660019396319
796194110
1400268390647168
11173448659746905
614759657
89101546475454437
13588386
3160
31792031
704732412572
56123171
2449
907001048814
970076581543
6507
9653357834481
2524833634371644
62335
7223113103269887
12332
935209915718
31823
91205
45682064
2402
6104916974142665
7622
285786272
81765
68614
61897980
954623476
2282079818301285
11323210300547616
5636013431469
97247
271501648762
4411414221284232
70042702
31757
4590251141621920
9117
3785853884427982
809418122
19494101066108328
50313502
2414
75677411
90073308
59604
3901
240325832500
2012
44662515324830207
15755359489009775
5713
68206
670446489483
45957694184427345
44617496
77969232
89003
551301242959
909703882986
35901517
174148499
6720
977040974021355
414918771436
180583913
9325050575978
271
12598343545143568
3569232020440930
459
55919391025920014
78151282
6197
995513330409
981665791689
5845
14038
594653343783
1604000803939196
66958505124063919
331565833703807
82043409419779051
99811213680650706
72796024361832042
4550089456835357
1820
78981354
91808
60505432536
76025938124131578
80112656
36217472456719986
81803347057919509
71316
950609994599
1956326757160
8984
8700946066002380
1293739974507899
2098330013297
612192575
1607
3804149413634
64457
5584439910711
47622819359537082
539087359206810
834408441
24056
154655176
11239538
2711
56414258820253704
50651209331880731
537456090689
990362437
1767184767302117
1348566932412586
4042295
1604262857089575
97121
4002141
959510230043
83817
627464728152
292703069
578526395416
1706871134550527
48849
2608320779350637
3404903585553
88571859
360081370292
68331
71210453380870236
102497558
573400211487
335158782392
7483377
4384477539549
9295721318884
8789064462606
71868
951407520227
7168625917858054
7269
36121917
5977533
1384
575051976704
90299397776085068
6864680121637196
21373183
324859208966
155562019
36017668076228101
9633
66479960
7483
9236060775755108
6684620496843
201983418
1431129477349
68952870
789859661172
85320732009029245
33918260111999208
699398181045
340447180023
3085257536685080
17016
51844251
8478624604691479
710470625412
18339964
6578424252237
8597081561479426
512
626904506654
89150
138946487
2628
4976171986366
122970505
246755200245
44175
3770
44920
31093
565740500537
91387
200789668984
862672835463
4070480428104569
50196668
1466135953178097
2525214993505
25475463
25489736322288010
121676453146146
9375
